VARIABLES: "X", "Y", "T"
ZONE: I = {nx}, J = {ny}0.0 0.0 0.0
0.0 0.0375 0.0
0.0 0.075 0.0
0.0 0.11249999999999999 0.0
0.0 0.15 0.0
0.0 0.1875 0.0
0.0 0.22499999999999998 0.0
0.0 0.2625 0.0
0.0 0.3 0.0
0.0 0.33749999999999997 0.0
0.0 0.375 0.0
0.0 0.4125 0.0
0.0 0.44999999999999996 0.0
0.0 0.4875 0.0
0.0 0.525 0.0
0.0 0.5625 0.0
0.0 0.6 0.0
0.0 0.6375 0.0
0.0 0.6749999999999999 0.0
0.0 0.7125 0.0
0.0 0.75 0.0
0.0 0.7875 0.0
0.0 0.825 0.0
0.0 0.8624999999999999 0.0
0.0 0.8999999999999999 0.0
0.0 0.9375 0.0
0.0 0.975 0.0
0.0 1.0125 0.0
0.0 1.05 0.0
0.0 1.0875 0.0
0.0 1.125 0.0
0.0 1.1624999999999999 0.0
0.0 1.2 0.0
0.0 1.2375 0.0
0.0 1.275 0.0
0.0 1.3125 0.0
0.0 1.3499999999999999 0.0
0.0 1.3875 0.0
0.0 1.425 0.0
0.0 1.4625 0.0
0.0 1.5 100.0
0.025 0.0 0.0
0.025 0.0375 0.4799348482525687
0.025 0.075 0.40361175668696064
0.025 0.11249999999999999 0.4204553499673909
0.025 0.15 0.415163951891827
0.025 0.1875 0.41727506016765264
0.025 0.22499999999999998 0.4163777647808747
0.025 0.2625 0.41667801773781726
0.025 0.3 0.41673497370277535
0.025 0.33749999999999997 0.416427019482211
0.025 0.375 0.41693646745253843
0.025 0.4125 0.4162473389257938
0.025 0.44999999999999996 0.4171096518674299
0.025 0.4875 0.4160710335687218
0.025 0.525 0.41729600409038975
0.025 0.5625 0.41586888246613873
0.025 0.6 0.4175194070040954
0.025 0.6375 0.4156184691221574
0.025 0.6749999999999999 0.41780341819589195
0.025 0.7125 0.41529288359154237
0.025 0.75 0.4181806429688104
0.025 0.7875 0.41485091043289335
0.025 0.825 0.41870489390010623
0.025 0.8624999999999999 0.41422038394369
0.025 0.8999999999999999 0.41947529225914404
0.025 0.9375 0.41326201340907437
0.025 0.975 0.4206921364240541
0.025 1.0125 0.4116806875703376
0.025 1.05 0.4228019865937595
0.025 1.0875 0.4087798741754486
0.025 1.125 0.42693056116002537
0.025 1.1624999999999999 0.40266064641669463
0.025 1.2 0.43645568436410476
0.025 1.2375 0.38689118093238273
0.025 1.275 0.46479643097209455
0.025 1.3125 0.3295925804752601
0.025 1.3499999999999999 0.6036970217336519
0.025 1.3875 -0.1146572956320889
0.025 1.425 2.6226058638787766
0.025 1.4625 -12.734878485828233
0.025 1.5 100.0
0.05 0.0 0.0
0.05 0.0375 0.30539603158112943
0.05 0.075 0.30509454422485915
0.05 0.11249999999999999 0.2927083813924583
0.05 0.15 0.29957033051029186
0.05 0.1875 0.2962221039312048
0.05 0.22499999999999998 0.297742574220016
0.05 0.2625 0.29724866130113353
0.05 0.3 0.2970875442639444
0.05 0.33749999999999997 0.2977254551137411
0.05 0.375 0.2966968639777852
0.05 0.4125 0.29807800868167034
0.05 0.44999999999999996 0.29635476937688526
0.05 0.4875 0.29842754123473386
0.05 0.525 0.2959846213577362
0.05 0.5625 0.29882941993498696
0.05 0.6 0.2955403749001003
0.05 0.6375 0.2993273188945739
0.05 0.6749999999999999 0.29497589761468423
0.05 0.7125 0.29997401667045265
0.05 0.75 0.29422727435358503
0.05 0.7875 0.30085017214651066
0.05 0.825 0.2931894381797431
0.05 0.8624999999999999 0.30209629342057803
0.05 0.8999999999999999 0.29167001938913323
0.05 0.9375 0.3039817004925875
0.05 0.975 0.2892834457660919
0.05 1.0125 0.3070714442984103
0.05 1.05 0.28518038496235293
0.05 1.0875 0.3126789386376126
0.05 1.125 0.2772622989830716
0.05 1.1624999999999999 0.3242883975630547
0.05 1.2 0.2594735845390477
0.05 1.2375 0.35301535567284476
0.05 1.275 0.21007501257566552
0.05 1.3125 0.4442151625641768
0.05 1.3499999999999999 0.03171707333715505
0.05 1.3875 0.768577278870826
0.05 1.425 0.0057453366539542885
0.05 1.4625 -6.949140606504676
0.05 1.5 100.0
0.07500000000000001 0.0 0.0
0.07500000000000001 0.0375 0.3734698591706196
0.07500000000000001 0.075 0.320437306017811
0.07500000000000001 0.11249999999999999 0.33646019991658754
0.07500000000000001 0.15 0.32892125168838926
0.07500000000000001 0.1875 0.3327572778643529
0.07500000000000001 0.22499999999999998 0.3309697215290423
0.07500000000000001 0.2625 0.3314921705987626
0.07500000000000001 0.3 0.3318366653539584
0.07500000000000001 0.33749999999999997 0.3308305245525229
0.07500000000000001 0.375 0.3323952047638203
0.07500000000000001 0.4125 0.3303173946984398
0.07500000000000001 0.44999999999999996 0.33289825541240353
0.07500000000000001 0.4875 0.3298004915794916
0.07500000000000001 0.525 0.3334472591694598
0.07500000000000001 0.5625 0.3292036128394059
0.07500000000000001 0.6 0.3341073337547932
0.07500000000000001 0.6375 0.3284639730549727
0.07500000000000001 0.6749999999999999 0.3349453250744807
0.07500000000000001 0.7125 0.3275049208015346
0.07500000000000001 0.75 0.3360539660566428
0.07500000000000001 0.7875 0.3262097601159523
0.07500000000000001 0.825 0.3375846743948748
0.07500000000000001 0.8624999999999999 0.32437693848057414
0.07500000000000001 0.8999999999999999 0.3398119176995034
0.07500000000000001 0.9375 0.32162457412976836
0.07500000000000001 0.975 0.34327844135575325
0.07500000000000001 1.0125 0.3171642554239902
0.07500000000000001 1.05 0.34915643873377494
0.07500000000000001 1.0875 0.3092083726790643
0.07500000000000001 1.125 0.36025035549367723
0.07500000000000001 1.1624999999999999 0.2932144082305089
0.07500000000000001 1.2 0.38418755527506926
0.07500000000000001 1.2375 0.2558558998634881
0.07500000000000001 1.275 0.44525300982882365
0.07500000000000001 1.3125 0.1509135076808049
0.07500000000000001 1.3499999999999999 0.6369144998209723
0.07500000000000001 1.3875 -0.251069540617049
0.07500000000000001 1.425 1.9789710164969838
0.07500000000000001 1.4625 -9.765566871113663
0.07500000000000001 1.5 100.0
0.1 0.0 0.0
0.1 0.0375 0.34453194657296393
0.1 0.075 0.32493069703525573
0.1 0.11249999999999999 0.31794916729774003
0.1 0.15 0.3240402148430527
0.1 0.1875 0.3204517016740741
0.1 0.22499999999999998 0.3221581823028497
0.1 0.2625 0.3217841593144256
0.1 0.3 0.321165042591612
0.1 0.33749999999999997 0.3225852393928798
0.1 0.375 0.320464287126844
0.1 0.4125 0.3232432432269947
0.1 0.44999999999999996 0.3198109166659409
0.1 0.4875 0.32391940667295577
0.1 0.525 0.3190900679404707
0.1 0.5625 0.3247044762235536
0.1 0.6 0.3182214404609537
0.1 0.6375 0.3256775073768846
0.1 0.6749999999999999 0.31712002815439894
0.1 0.7125 0.3269362350982309
0.1 0.75 0.31566778321563876
0.1 0.7875 0.3286286107875147
0.1 0.825 0.3136737874582128
0.1 0.8624999999999999 0.3310071068187319
0.1 0.8999999999999999 0.3107968082816659
0.1 0.9375 0.33454241140649676
0.1 0.975 0.306374617190159
0.1 1.0125 0.3401849122390139
0.1 1.05 0.299015108494113
0.1 1.0875 0.35001800614789114
0.1 1.125 0.28552847821252403
0.1 1.1624999999999999 0.36904394820175507
0.1 1.2 0.2578774923979841
0.1 1.2375 0.41046261225158465
0.1 1.275 0.19410959598361033
0.1 1.3125 0.510106629553438
0.1 1.3499999999999999 0.044078982219563655
0.1 1.3875 0.6653764274915687
0.1 1.425 0.6003231725119298
0.1 1.4625 -8.291951399209818
0.1 1.5 100.0
0.125 0.0 0.0
0.125 0.0375 0.3580594703225794
0.125 0.075 0.3176954482355355
0.125 0.11249999999999999 0.32784595186116944
0.125 0.15 0.3224863378746044
0.125 0.1875 0.32555155880081876
0.125 0.22499999999999998 0.3241704101555126
0.125 0.2625 0.3242451982097864
0.125 0.3 0.3252242977336672
0.125 0.33749999999999997 0.3233454551132446
0.125 0.375 0.3260416813589215
0.125 0.4125 0.3225595186568004
0.125 0.44999999999999996 0.32683318222113344
0.125 0.4875 0.32173382471986367
0.125 0.525 0.32771719351356904
0.125 0.5625 0.32076915857350413
0.125 0.6 0.3287851091554223
0.125 0.6375 0.31957339267527685
0.125 0.6749999999999999 0.33013708280025844
0.125 0.7125 0.3180310791632264
0.125 0.75 0.3319122145722535
0.125 0.7875 0.3159688170637241
0.125 0.825 0.33433266208381757
0.125 0.8624999999999999 0.31309530571883787
0.125 0.8999999999999999 0.33778833608725106
0.125 0.9375 0.3088786436493957
0.125 0.975 0.3430180064518972
0.125 1.0125 0.3022747154766912
0.125 1.05 0.35152276979253494
0.125 1.0875 0.2910888332231351
0.125 1.125 0.36656399110720167
0.125 1.1624999999999999 0.2704023500987189
0.125 1.2 0.3956431475313366
0.125 1.2375 0.2287375545304025
0.125 1.275 0.45610153524013436
0.125 1.3125 0.1408410124803318
0.125 1.3499999999999999 0.5845667892298172
0.125 1.3875 -0.08627250048998829
0.125 1.425 1.5476084021476861
0.125 1.4625 -9.119904122856774
0.125 1.5 100.0
0.15000000000000002 0.0 0.0
0.15000000000000002 0.0375 0.3511335361931235
0.15000000000000002 0.075 0.3236930830444445
0.15000000000000002 0.11249999999999999 0.32167255213064716
0.15000000000000002 0.15 0.3251911779081027
0.15000000000000002 0.1875 0.32292050367370057
0.15000000000000002 0.22499999999999998 0.3238084475558364
0.15000000000000002 0.2625 0.3241451057228706
0.15000000000000002 0.3 0.3227375135459291
0.15000000000000002 0.33749999999999997 0.32511160751458146
0.15000000000000002 0.375 0.32182612933296206
0.15000000000000002 0.4125 0.32600902711230495
0.15000000000000002 0.44999999999999996 0.3209092218248287
0.15000000000000002 0.4875 0.32697352972442695
0.15000000000000002 0.525 0.31987197566690445
0.15000000000000002 0.5625 0.3281077504676579
0.15000000000000002 0.6 0.31861570548208235
0.15000000000000002 0.6375 0.3295136478217806
0.15000000000000002 0.6749999999999999 0.31702834030266674
0.15000000000000002 0.7125 0.3313206678541467
0.15000000000000002 0.75 0.31495446039128816
0.15000000000000002 0.7875 0.33372123631676287
0.15000000000000002 0.825 0.31214972933457147
0.15000000000000002 0.8624999999999999 0.33703238568587984
0.15000000000000002 0.8999999999999999 0.308194838508648
0.15000000000000002 0.9375 0.3418183961893305
0.15000000000000002 0.975 0.3023182442777942
0.15000000000000002 1.0125 0.3491497172416865
0.15000000000000002 1.05 0.2930150191564206
0.15000000000000002 1.0875 0.3611665121208627
0.15000000000000002 1.125 0.2772147281366077
0.15000000000000002 1.1624999999999999 0.3822924644282307
0.15000000000000002 1.2 0.2485709415996892
0.15000000000000002 1.2375 0.4214443011665396
0.15000000000000002 1.275 0.1952640903747751
0.15000000000000002 1.3125 0.4917575644495391
0.15000000000000002 1.3499999999999999 0.11417732831979646
0.15000000000000002 1.3875 0.5074793074327992
0.15000000000000002 1.425 0.8916996498949703
0.15000000000000002 1.4625 -8.622671828407872
0.15000000000000002 1.5 100.0
0.17500000000000002 0.0 0.0
0.17500000000000002 0.0375 0.3549486508952954
0.17500000000000002 0.075 0.3194237578514667
0.17500000000000002 0.11249999999999999 0.32574226627894237
0.17500000000000002 0.15 0.3228441643540284
0.17500000000000002 0.1875 0.32438019269847235
0.17500000000000002 0.22499999999999998 0.3240557338879241
0.17500000000000002 0.2625 0.3232393313667746
0.17500000000000002 0.3 0.3251218318977579
0.17500000000000002 0.33749999999999997 0.3222279883515751
0.17500000000000002 0.375 0.3261089266279913
0.17500000000000002 0.4125 0.3212339532772692
0.17500000000000002 0.44999999999999996 0.32713874880872423
0.17500000000000002 0.4875 0.3201418189748901
0.17500000000000002 0.525 0.32831846056863645
0.17500000000000002 0.5625 0.31884918794135914
0.17500000000000002 0.6 0.32975082858879207
0.17500000000000002 0.6375 0.31724731048781907
0.17500000000000002 0.6749999999999999 0.3315566133224319
0.17500000000000002 0.7125 0.31519656392914064
0.17500000000000002 0.75 0.33390265085540727
0.17500000000000002 0.7875 0.3124921220224565
0.17500000000000002 0.825 0.33704621844610616
0.17500000000000002 0.8624999999999999 0.3088043671769034
0.17500000000000002 0.8999999999999999 0.341417046832557
0.17500000000000002 0.9375 0.3035643256608735
0.17500000000000002 0.975 0.3477787234758458
0.17500000000000002 1.0125 0.29573546837406184
0.17500000000000002 1.05 0.35755078108070154
0.17500000000000002 1.0875 0.2833632838191122
0.17500000000000002 1.125 0.3734247349506338
0.17500000000000002 1.1624999999999999 0.2627721615463991
0.17500000000000002 1.2 0.4003041665833459
0.17500000000000002 1.2375 0.22775415680178923
0.17500000000000002 1.275 0.44519219336032223
0.17500000000000002 1.3125 0.17225398876313064
0.17500000000000002 1.3499999999999999 0.5127398045800216
0.17500000000000002 1.3875 0.04442221794069247
0.17500000000000002 1.425 1.3543801037669463
0.17500000000000002 1.4625 -8.93965295450582
0.17500000000000002 1.5 100.0
0.2 0.0 0.0
0.2 0.0375 0.352750620678299
0.2 0.075 0.3222553603125542
0.2 0.11249999999999999 0.3230993096872715
0.2 0.15 0.32446207232180685
0.2 0.1875 0.3237275815614147
0.2 0.22499999999999998 0.3234571282325068
0.2 0.2625 0.3247865046359673
0.2 0.3 0.3224047586373697
0.2 0.33749999999999997 0.3258291305015986
0.2 0.375 0.3213558148498322
0.2 0.4125 0.3269069604096623
0.2 0.44999999999999996 0.3202248667649962
0.2 0.4875 0.3281154974772946
0.2 0.525 0.3189139523338987
0.2 0.5625 0.3295546199010196
0.2 0.6 0.3173187186090541
0.2 0.6375 0.33133718957415914
0.2 0.6749999999999999 0.3153127607496346
0.2 0.7125 0.3336092941681356
0.2 0.75 0.31272261599126167
0.2 0.7875 0.33658173336836383
0.2 0.825 0.309286905926648
0.2 0.8624999999999999 0.34058436640782913
0.2 0.8999999999999999 0.3045828687453626
0.2 0.9375 0.34616625130743267
0.2 0.975 0.2978896855634452
0.2 1.0125 0.35428108042642803
0.2 1.05 0.28794076298258375
0.2 1.0875 0.3666079245895675
0.2 1.125 0.2725333237738383
0.2 1.1624999999999999 0.3859659318084062
0.2 1.2 0.2482405866493757
0.2 1.2375 0.41608057153864597
0.2 1.275 0.21210121526334533
0.2 1.3125 0.4561297321882052
0.2 1.3499999999999999 0.17953129569641585
0.2 1.3875 0.4056162556551236
0.2 1.425 1.0203400847817985
0.2 1.4625 -8.726797752927872
0.2 1.5 100.0
0.225 0.0 0.0
0.225 0.0375 0.35402688077003164
0.225 0.075 0.3204960508312113
0.225 0.11249999999999999 0.3246872425381204
0.225 0.15 0.32359982724987857
0.225 0.1875 0.32370018918420623
0.225 0.22499999999999998 0.3245415653220761
0.225 0.2625 0.32269630084446815
0.225 0.3 0.32558162458544226
0.225 0.33749999999999997 0.32162953045797826
0.225 0.375 0.32668238728907145
0.225 0.4125 0.3204786753634905
0.225 0.44999999999999996 0.3279035855049503
0.225 0.4875 0.31916475246344234
0.225 0.525 0.3293342224366769
0.225 0.5625 0.3175915400276309
0.225 0.6 0.33107844432037337
0.225 0.6375 0.3156443012942046
0.225 0.6749999999999999 0.33326557154610037
0.225 0.7125 0.3131739023897057
0.225 0.75 0.33607126607707566
0.225 0.7875 0.30996945543108473
0.225 0.825 0.3397530509792417
0.225 0.8624999999999999 0.3057117136543399
0.225 0.8999999999999999 0.34471187752196686
0.225 0.9375 0.29989174125990553
0.225 0.975 0.3515986348531331
0.225 1.0125 0.29167425043326517
0.225 1.05 0.36148272089527245
0.225 1.0875 0.27970504612032937
0.225 1.125 0.3760369906380612
0.225 1.1624999999999999 0.2620175594076574
0.225 1.2 0.3973487341006245
0.225 1.2375 0.23689643112131
0.225 1.275 0.42567942429912625
0.225 1.3125 0.20723648679586673
0.225 1.3499999999999999 0.4568734986821421
0.225 1.3875 0.12177880358213446
0.225 1.425 1.2675311353096328
0.225 1.4625 -8.87626942309661
0.225 1.5 100.0
0.25 0.0 0.0
0.25 0.0375 0.3533198530382034
0.25 0.075 0.3214739227693068
0.25 0.11249999999999999 0.3239079737330352
0.25 0.15 0.323779274894297
0.25 0.1875 0.324333183127811
0.25 0.22499999999999998 0.32294850507207845
0.25 0.2625 0.32529358333090513
0.25 0.3 0.3219165515732756
0.25 0.33749999999999997 0.3263812623505518
0.25 0.375 0.32077112535739016
0.25 0.4125 0.3275961424761744
0.25 0.44999999999999996 0.31946962421835384
0.25 0.4875 0.32900478941287425
0.25 0.525 0.3179307586548956
0.25 0.5625 0.33069945465300815
0.25 0.6 0.3160517740424411
0.25 0.6375 0.3327949751127175
0.25 0.6749999999999999 0.31370275882333243
0.25 0.7125 0.3354405465969289
0.25 0.75 0.3107097175383557
0.25 0.7875 0.3388420744026387
0.25 0.825 0.30682568846927616
0.25 0.8624999999999999 0.3432993124669168
0.25 0.8999999999999999 0.3016832108975007
0.25 0.9375 0.34926597711727686
0.25 0.975 0.2947201899949205
0.25 1.0125 0.3574368576522034
0.25 1.05 0.2850869508777404
0.25 1.0875 0.3688262232234471
0.25 1.125 0.2716294736753707
0.25 1.1624999999999999 0.3846249493474088
0.25 1.2 0.25338100321032536
0.25 1.2375 0.4050191539488232
0.25 1.275 0.2320233020609276
0.25 1.3125 0.4241988257629785
0.25 1.3499999999999999 0.22564039698505886
0.25 1.3875 0.3474337375690309
0.25 1.425 1.0800455067154815
0.25 1.4625 -8.767180266484308
0.25 1.5 100.0
0.275 0.0 0.0
0.275 0.0375 0.3536515074027687
0.275 0.075 0.3210688457330656
0.275 0.11249999999999999 0.32405689673226723
0.275 0.15 0.32418812784909506
0.275 0.1875 0.3231601972169912
0.275 0.22499999999999998 0.32503056524874924
0.275 0.2625 0.3222174728726786
0.275 0.3 0.326061447777045
0.275 0.33749999999999997 0.3211097835287065
0.275 0.375 0.3272463347198633
0.275 0.4125 0.3198385080135928
0.275 0.44999999999999996 0.3286190168206737
0.275 0.4875 0.31834539148417257
0.275 0.525 0.3302547417881583
0.275 0.5625 0.3165419487518234
0.275 0.6 0.33225417078406655
0.275 0.6375 0.3143145726816038
0.275 0.6749999999999999 0.3347459355960945
0.275 0.7125 0.311516456830279
0.275 0.75 0.3378992050972664
0.275 0.7875 0.3079507436352199
0.275 0.825 0.341945163748474
0.275 0.8624999999999999 0.30334380067989536
0.275 0.8999999999999999 0.3472095377956724
0.275 0.9375 0.2973069635032262
0.275 0.975 0.3541548206519122
0.275 1.0125 0.289295804037654
0.275 1.05 0.3634066491954818
0.275 1.0875 0.2786249374526704
0.275 1.125 0.3756459393255545
0.275 1.1624999999999999 0.2647631922979039
0.275 1.2 0.3909662522333707
0.275 1.2375 0.24857047267036367
0.275 1.275 0.4067471978329715
0.275 1.3125 0.23515163475627548
0.275 1.3499999999999999 0.41958614515239606
0.275 1.3875 0.1654763709299076
0.275 1.425 1.225704454497406
0.275 1.4625 -8.849528102881388
0.275 1.5 100.0
0.30000000000000004 0.0 0.0
0.30000000000000004 0.0375 0.3535804571414772
0.30000000000000004 0.075 0.3210476057401833
0.30000000000000004 0.11249999999999999 0.3244042662993189
0.30000000000000004 0.15 0.3232826872986563
0.30000000000000004 0.1875 0.3248087582192012
0.30000000000000004 0.22499999999999998 0.32249727052559224
0.30000000000000004 0.2625 0.3257391975203728
0.30000000000000004 0.3 0.3214624136732498
0.30000000000000004 0.33749999999999997 0.32686672373445974
0.30000000000000004 0.375 0.3202421506694714
0.30000000000000004 0.4125 0.3281877201602745
0.30000000000000004 0.44999999999999996 0.31880674425049654
0.30000000000000004 0.4875 0.3297554513232279
0.30000000000000004 0.525 0.31708531944383905
0.30000000000000004 0.5625 0.33165510788564945
0.30000000000000004 0.6 0.314979650775673
0.30000000000000004 0.6375 0.3339981433413804
0.30000000000000004 0.6749999999999999 0.3123637862312769
0.30000000000000004 0.7125 0.3369271135377384
0.30000000000000004 0.75 0.30907575075107185
0.30000000000000004 0.7875 0.34062687798790914
0.30000000000000004 0.825 0.3049037464899086
0.30000000000000004 0.8624999999999999 0.3453406605338505
0.30000000000000004 0.8999999999999999 0.2995686013999302
0.30000000000000004 0.9375 0.3513872334447609
0.30000000000000004 0.975 0.29271102601505533
0.30000000000000004 1.0125 0.3591609861575459
0.30000000000000004 1.05 0.2839198832996588
0.30000000000000004 1.0875 0.3690469600225565
0.30000000000000004 1.125 0.27292279442496553
0.30000000000000004 1.1624999999999999 0.3810445627890338
0.30000000000000004 1.2 0.26027012327904314
0.30000000000000004 1.2375 0.3936065442106316
0.30000000000000004 1.275 0.24919911851140808
0.30000000000000004 1.3125 0.4004724514902271
0.30000000000000004 1.3499999999999999 0.2554224434723374
0.30000000000000004 1.3875 0.31454063195876786
0.30000000000000004 1.425 1.1098665459607824
0.30000000000000004 1.4625 -8.78546081984391
0.30000000000000004 1.5 100.0
0.325 0.0 0.0
0.325 0.0375 0.35346349868408683
0.325 0.075 0.32139123487958027
0.325 0.11249999999999999 0.32366368823489816
0.325 0.15 0.3246024725282073
0.325 0.1875 0.3227475597846432
0.325 0.22499999999999998 0.32543571443400543
0.325 0.2625 0.3218113586011916
0.325 0.3 0.3264797672828346
0.325 0.33749999999999997 0.32066402524561866
0.325 0.375 0.32773185251115333
0.325 0.4125 0.3192993861809697
0.325 0.44999999999999996 0.329222021321649
0.325 0.4875 0.31766653750879437
0.325 0.525 0.33101824028309024
0.325 0.5625 0.3156830138173345
0.325 0.6 0.33321621330792656
0.325 0.6375 0.31324007992334013
0.325 0.6749999999999999 0.3359382769419407
0.325 0.7125 0.3102006818565521
0.325 0.75 0.3393376723232949
0.325 0.7875 0.3063937598770638
0.325 0.825 0.3436048161641468
0.325 0.8624999999999999 0.30160850858716287
0.325 0.8999999999999999 0.3489707031978802
0.325 0.9375 0.2955964554520649
0.325 0.975 0.35569382660232024
0.325 1.0125 0.28810509305249093
0.325 1.05 0.3639898650336775
0.325 1.0875 0.27901124936461685
0.325 1.125 0.37379390850291033
0.325 1.1624999999999999 0.26872425786520215
0.325 1.2 0.3841103857017898
0.325 1.2375 0.25917066514647985
0.325 1.275 0.39167772530968015
0.325 1.3125 0.25490918442994204
0.325 1.3499999999999999 0.39600068883365946
0.325 1.3875 0.19031307053446037
0.325 1.425 1.204125314835251
0.325 1.4625 -8.836712730843635
0.325 1.5 100.0
0.35000000000000003 0.0 0.0
0.35000000000000003 0.0375 0.35371970529166163
0.35000000000000003 0.075 0.32080089507371556
0.35000000000000003 0.11249999999999999 0.32471647218583033
0.35000000000000003 0.15 0.32294043283746465
0.35000000000000003 0.1875 0.3251610274033749
0.35000000000000003 0.22499999999999998 0.3221419636480966
0.35000000000000003 0.2625 0.3261008163554911
0.35000000000000003 0.3 0.32108668291050846
0.35000000000000003 0.33749999999999997 0.3272673031620531
0.35000000000000003 0.375 0.319806242764774
0.35000000000000003 0.4125 0.3286698180078631
0.35000000000000003 0.44999999999999996 0.3182689336434568
0.35000000000000003 0.4875 0.3303585886153881
0.35000000000000003 0.525 0.31640855790694256
0.35000000000000003 0.5625 0.3324139152942477
0.35000000000000003 0.6 0.31413184110511533
0.35000000000000003 0.6375 0.3349415615404497
0.35000000000000003 0.6749999999999999 0.31132055819061266
0.35000000000000003 0.7125 0.3380724262265484
0.35000000000000003 0.75 0.3078309270291332
0.35000000000000003 0.7875 0.34196308559881966
0.35000000000000003 0.825 0.30349437058027606
0.35000000000000003 0.8624999999999999 0.34679201521175984
0.35000000000000003 0.8999999999999999 0.2981268662971153
0.35000000000000003 0.9375 0.35274070216059233
0.35000000000000003 0.975 0.2915636033310142
0.35000000000000003 1.0125 0.3599334798523253
0.35000000000000003 1.05 0.2837596156816198
0.35000000000000003 1.0875 0.3682741289354833
0.35000000000000003 1.125 0.2750476170510498
0.35000000000000003 1.1624999999999999 0.377052047754205
0.35000000000000003 1.2 0.2667151695165023
0.35000000000000003 1.2375 0.3841409709071894
0.35000000000000003 1.275 0.26206500387568493
0.35000000000000003 1.3125 0.3843014284753948
0.35000000000000003 1.3499999999999999 0.27395649328869287
0.35000000000000003 1.3875 0.2957564258498498
0.35000000000000003 1.425 1.1256509894316216
0.35000000000000003 1.4625 -8.794611723623486
0.35000000000000003 1.5 100.0
0.375 0.0 0.0
0.375 0.0375 0.35335888413654826
0.375 0.075 0.321580919227914
0.375 0.11249999999999999 0.3234167308518528
0.375 0.15 0.32488154076054654
0.375 0.1875 0.32245255787981164
0.375 0.22499999999999998 0.3257397238532211
0.375 0.2625 0.32149770176696907
0.375 0.3 0.326808137518256
0.375 0.33749999999999997 0.3203132822594493
0.375 0.375 0.3281133233282732
0.375 0.4125 0.31887854455622505
0.375 0.44999999999999996 0.32969036531115015
0.375 0.4875 0.31714280456558946
0.375 0.525 0.3316045220605643
0.375 0.5625 0.3150274255152236
0.375 0.6 0.3339468541586556
0.375 0.6375 0.31242960337920617
0.375 0.6749999999999999 0.3368313808084184
0.375 0.7125 0.30922468746699394
0.375 0.75 0.34039246476165264
0.375 0.7875 0.3052702324403614
0.375 0.825 0.3447777777341813
0.375 0.8624999999999999 0.3004181585772771
0.375 0.8999999999999999 0.3501279622855976
0.375 0.9375 0.29454767942202154
0.375 0.975 0.3565247252471673
0.375 1.0125 0.28764535114748957
0.375 1.05 0.363869794609686
0.375 1.0875 0.27998442492092196
0.375 1.125 0.3716254945643175
0.375 1.1624999999999999 0.2724882939195971
0.375 1.2 0.37832860244972766
0.375 1.2375 0.2673328258711132
0.375 1.275 0.3809731274309558
0.375 1.3125 0.2679123966653847
0.375 1.3499999999999999 0.3815789920023629
0.375 1.3875 0.20448919153057965
0.375 1.425 1.1925205555513205
0.375 1.4625 -8.830107466846172
0.375 1.5 100.0
0.4 0.0 0.0
0.4 0.0375 0.3537983728053116
0.4 0.075 0.32065588289992775
0.4 0.11249999999999999 0.3249093642947151
0.4 0.15 0.3227173609316616
0.4 0.1875 0.32540184037714454
0.4 0.22499999999999998 0.32188953602222586
0.4 0.2625 0.32636425971357524
0.4 0.3 0.32080907727513314
0.4 0.33749999999999997 0.32756449642834107
0.4 0.375 0.3194830502603904
0.4 0.4125 0.3290257894888192
0.4 0.44999999999999996 0.31787356131173444
0.4 0.4875 0.3307997351561406
0.4 0.525 0.31591575918669357
0.4 0.5625 0.332963730825302
0.4 0.6 0.3135204947895323
0.4 0.6375 0.33561785583462983
0.4 0.6749999999999999 0.3105776953461352
0.4 0.7125 0.3388809213251317
0.4 0.75 0.3069616932769505
0.4 0.7875 0.3428825111529956
0.4 0.825 0.30254358069182336
0.4 0.8624999999999999 0.3477437959505637
0.4 0.8999999999999999 0.29722057548718234
0.4 0.9375 0.35353340532337396
0.4 0.975 0.2909811044551591
0.4 1.0125 0.36017320589203944
0.4 1.05 0.2840385605785209
0.4 1.0875 0.36725266822643743
0.4 1.125 0.2770816738891016
0.4 1.1624999999999999 0.3737041019070544
0.4 1.2 0.2716725207009531
0.4 1.2375 0.3773542493490742
0.4 1.275 0.2707166799028785
0.4 1.3125 0.37407485828126963
0.4 1.3499999999999999 0.285005419513571
0.4 1.3875 0.2851547073801334
0.4 1.425 1.134155234990134
0.4 1.4625 -8.79938502281521
0.4 1.5 100.0
0.42500000000000004 0.0 0.0
0.42500000000000004 0.0375 0.3533006868212292
0.42500000000000004 0.075 0.3216894657918996
0.42500000000000004 0.11249999999999999 0.32327003726043857
0.42500000000000004 0.15 0.3250541447005042
0.42500000000000004 0.1875 0.3222632109410695
0.42500000000000004 0.22499999999999998 0.32594083592440587
0.42500000000000004 0.2625 0.3212858702903227
0.42500000000000004 0.3 0.3270325673512177
0.42500000000000004 0.33749999999999997 0.32007248824404444
0.42500000000000004 0.375 0.3283752243808094
0.42500000000000004 0.4125 0.3185903861909817
0.42500000000000004 0.44999999999999996 0.33000993346943247
0.42500000000000004 0.4875 0.3167868567664292
0.42500000000000004 0.525 0.33200145353875943
0.42500000000000004 0.5625 0.31458538886705395
0.42500000000000004 0.6 0.3344373872872262
0.42500000000000004 0.6375 0.3118882114863153
0.42500000000000004 0.6749999999999999 0.3374244188663475
0.42500000000000004 0.7125 0.30858151662160405
0.42500000000000004 0.75 0.3410808274212541
0.42500000000000004 0.7875 0.304546540902162
0.42500000000000004 0.825 0.3455198953688613
0.42500000000000004 0.8624999999999999 0.29968428888595267
0.42500000000000004 0.8999999999999999 0.35081355056710256
0.42500000000000004 0.9375 0.29396810830422054
0.42500000000000004 0.975 0.35691774379887864
0.42500000000000004 1.0125 0.28754746395425546
0.42500000000000004 1.05 0.3635314619316081
0.42500000000000004 1.0875 0.2809341350112805
0.42500000000000004 1.125 0.36985970284278896
0.42500000000000004 1.1624999999999999 0.2752888089060789
0.42500000000000004 1.2 0.374293445627873
0.42500000000000004 1.2375 0.27272829305941304
0.42500000000000004 1.275 0.37424545760814487
0.42500000000000004 1.3125 0.275696786176659
0.42500000000000004 1.3499999999999999 0.37333858584029855
0.42500000000000004 1.3875 0.21224995863404658
0.42500000000000004 1.425 1.186390835528372
0.42500000000000004 1.4625 -8.826702864542911
0.42500000000000004 1.5 100.0
0.45 0.0 0.0
0.45 0.0375 0.3538395879607684
0.45 0.075 0.3205783787211658
0.45 0.11249999999999999 0.32501529791390993
0.45 0.15 0.3225911505525832
0.45 0.1875 0.3255419336989838
0.45 0.22499999999999998 0.3217392746995465
0.45 0.2625 0.3265236442634265
0.45 0.3 0.32063949689620075
0.45 0.33749999999999997 0.3277467833109742
0.45 0.375 0.31928472961325505
0.45 0.4125 0.3292438448088078
0.45 0.44999999999999996 0.3176320060829387
0.45 0.4875 0.33106843804281894
0.45 0.525 0.31561652665337525
0.45 0.5625 0.33329648141462037
0.45 0.6 0.3131518246771062
0.45 0.6375 0.336023995446438
0.45 0.6749999999999999 0.3101338093856435
0.45 0.7125 0.3393609639825886
0.45 0.75 0.3064498181060225
0.45 0.7875 0.34341798109914007
0.45 0.825 0.3019982801069056
0.45 0.8624999999999999 0.3482775473197886
0.45 0.8999999999999999 0.2967300293274468
0.45 0.9375 0.35393563797751676
0.45 0.975 0.2907293089202377
0.45 1.0125 0.3601919603075415
0.45 1.05 0.2843584331823628
0.45 1.0875 0.3664656884630718
0.45 1.125 0.27848202638345915
0.45 1.1624999999999999 0.37153987052582743
0.45 1.2 0.27472963043793885
0.45 1.2375 0.3733375442420287
0.45 1.275 0.27564278035472184
0.45 1.3125 0.3684656703510764
0.45 1.3499999999999999 0.2908531525742236
0.45 1.3875 0.2797231547592029
0.45 1.425 1.1383966830856944
0.45 1.4625 -8.801722921374742
0.45 1.5 100.0
0.47500000000000003 0.0 0.0
0.47500000000000003 0.0375 0.35327426442768783
0.47500000000000003 0.075 0.32173942074331785
0.47500000000000003 0.11249999999999999 0.32320124018597823
0.47500000000000003 0.15 0.3251368032329711
0.47500000000000003 0.1875 0.3221707201293381
0.47500000000000003 0.22499999999999998 0.32604071086750164
0.47500000000000003 0.2625 0.32117940935076056
0.47500000000000003 0.3 0.3271461824524003
0.47500000000000003 0.33749999999999997 0.3199501872421097
0.47500000000000003 0.375 0.3285083198117936
0.47500000000000003 0.4125 0.31844410731453715
0.47500000000000003 0.44999999999999996 0.33017185458908854
0.47500000000000003 0.4875 0.3166069018542165
0.47500000000000003 0.525 0.33220165899108234
0.47500000000000003 0.5625 0.3143629916080861
0.47500000000000003 0.6 0.3346835055534759
0.47500000000000003 0.6375 0.3116174471506188
0.47500000000000003 0.6749999999999999 0.33771985929086734
0.47500000000000003 0.7125 0.3082626802429814
0.47500000000000003 0.75 0.34141987637014876
0.47500000000000003 0.7875 0.3041931751048947
0.47500000000000003 0.825 0.34587788111002543
0.47500000000000003 0.8624999999999999 0.299336586460812
0.47500000000000003 0.8999999999999999 0.35112910278279474
0.47500000000000003 0.9375 0.29371560357425575
0.47500000000000003 0.975 0.35706502924866634
0.47500000000000003 1.0125 0.2875609152092791
0.47500000000000003 1.05 0.36328715172475656
0.47500000000000003 1.0875 0.28149337749133474
0.47500000000000003 1.125 0.3688916812333354
0.47500000000000003 1.1624999999999999 0.2767594235548215
0.47500000000000003 1.2 0.3722440350089379
0.47500000000000003 1.2375 0.27538854718398226
0.47500000000000003 1.275 0.3710203452734624
0.47500000000000003 1.3125 0.27932834688593483
0.47500000000000003 1.3499999999999999 0.3695925367518568
0.47500000000000003 1.3875 0.2156962630232603
0.47500000000000003 1.425 1.1837205726945952
0.47500000000000003 1.4625 -8.825238625718782
0.47500000000000003 1.5 100.0
0.5 0.0 0.0
0.5 0.0375 0.35385250196669626
0.5 0.075 0.32055388835468235
0.5 0.11249999999999999 0.32504917207901385
0.5 0.15 0.32255025311242874
0.5 0.1875 0.32558791007618926
0.5 0.22499999999999998 0.32168943139797845
0.5 0.2625 0.3265769290877938
0.5 0.3 0.32058252783135777
0.5 0.33749999999999997 0.32780816132420054
0.5 0.375 0.3192179211666002
0.5 0.4125 0.32931725446070476
0.5 0.44999999999999996 0.31755078196425895
0.5 0.4875 0.33115865977927794
0.5 0.525 0.31551621104659155
0.5 0.5625 0.3334078457196979
0.5 0.6 0.3130286693741146
0.5 0.6375 0.3361593711860704
0.5 0.6749999999999999 0.3099862455261414
0.5 0.7125 0.3395200089418835
0.5 0.75 0.3062809750361467
0.5 0.7875 0.3435935525048092
0.5 0.825 0.30182098551681147
0.5 0.8624999999999999 0.34844891944127415
0.5 0.8999999999999999 0.29657573891248423
0.5 0.9375 0.35405715782285335
0.5 0.975 0.2906618591256867
0.5 1.0125 0.3601774688431016
0.5 1.05 0.2844898150546844
0.5 1.0875 0.366175892995963
0.5 1.125 0.2789760220224282
0.5 1.1624999999999999 0.37079674059204654
0.5 1.2 0.2757570985779556
0.5 1.2375 0.37201330320112935
0.5 1.275 0.2772373089347946
0.5 1.3125 0.3666819768719735
0.5 1.3499999999999999 0.2926816212752309
0.5 1.3875 0.27805041111405077
0.5 1.425 1.1396868639683189
0.5 1.4625 -8.802428262602529
0.5 1.5 100.0
0.525 0.0 0.0
0.525 0.0375 0.3532742643004067
0.525 0.075 0.3217394209963133
0.525 0.11249999999999999 0.3232012398095994
0.525 0.15 0.3251368037296574
0.525 0.1875 0.32217071951614173
0.525 0.22499999999999998 0.32604071159271675
0.525 0.2625 0.3211794085186796
0.525 0.3 0.32714618338556795
0.525 0.33749999999999997 0.31995018621422106
0.525 0.375 0.3285083209274937
0.525 0.4125 0.31844410611843327
0.525 0.44999999999999996 0.33017185585773917
0.525 0.4875 0.31660690052127427
0.525 0.525 0.3322016603797158
0.525 0.5625 0.31436299017265157
0.525 0.6 0.33468350702658767
0.525 0.6375 0.31161744564912947
0.525 0.6749999999999999 0.3377198608113171
0.525 0.7125 0.30826267871304736
0.525 0.75 0.34141987790009093
0.525 0.7875 0.30419317358436265
0.525 0.825 0.3458778826118448
0.525 0.8624999999999999 0.2993365849868352
0.525 0.8999999999999999 0.3511291042200264
0.525 0.9375 0.2937156021823911
0.525 0.975 0.3570650305868745
0.525 1.0125 0.28756091393263555
0.525 1.05 0.36328715293235475
0.525 1.0875 0.28149337635979144
0.525 1.125 0.3688916822823254
0.525 1.1624999999999999 0.2767594225943348
0.525 1.2 0.37224403587555266
0.525 1.2375 0.2753885464159972
0.525 1.275 0.3710203459386966
0.525 1.3125 0.27932834632691467
0.525 1.3499999999999999 0.369592537201875
0.525 1.3875 0.21569626268434405
0.525 1.425 1.183720572921007
0.525 1.4625 -8.82523862583199
0.525 1.5 100.0
0.55 0.0 0.0
0.55 0.0375 0.3538395882129753
0.55 0.075 0.3205783782198568
0.55 0.11249999999999999 0.32501529865970247
0.55 0.15 0.32259114956840207
0.55 0.1875 0.325541934914029
0.55 0.22499999999999998 0.32173927326253676
0.55 0.2625 0.32652364591219024
0.55 0.3 0.3206394950471342
0.55 0.33749999999999997 0.32774678534772983
0.55 0.375 0.31928472740250163
0.55 0.4125 0.32924384717888094
0.55 0.44999999999999996 0.3176320035691144
0.55 0.4875 0.3310684406840365
0.55 0.525 0.3156165239018057
0.55 0.5625 0.3332964842589258
0.55 0.6 0.3131518217581435
0.55 0.6375 0.3360239984216307
0.55 0.6749999999999999 0.31013380637288085
0.55 0.7125 0.3393609670141443
0.55 0.75 0.30644981507445074
0.55 0.7875 0.3434179841120657
0.55 0.825 0.3019982771310588
0.55 0.8624999999999999 0.3482775502404654
0.55 0.8999999999999999 0.29673002647958047
0.55 0.9375 0.3539356407354888
0.55 0.975 0.2907293062685857
0.55 1.0125 0.36019196283720345
0.55 1.05 0.2843584307895138
0.55 1.0875 0.36646569070521845
0.55 1.125 0.2784820243048912
0.55 1.1624999999999999 0.37153987242902653
0.55 1.2 0.2747296287207466
0.55 1.2375 0.37333754576378686
0.55 1.275 0.2756427790365639
0.55 1.3125 0.36846567145877174
0.55 1.3499999999999999 0.2908531516825152
0.55 1.3875 0.2797231554307637
0.55 1.425 1.1383966826370606
0.55 1.4625 -8.801722921150423
0.55 1.5 100.0
0.5750000000000001 0.0 0.0
0.5750000000000001 0.0375 0.35330068644878326
0.5750000000000001 0.075 0.32168946653220654
0.5750000000000001 0.11249999999999999 0.32327003615909117
0.5750000000000001 0.15 0.32505414615389133
0.5750000000000001 0.1875 0.32226320914675455
0.5750000000000001 0.22499999999999998 0.32594083804650675
0.5750000000000001 0.2625 0.3212858678555146
0.5750000000000001 0.3 0.3270325700818225
0.5750000000000001 0.33749999999999997 0.32007248523627024
0.5750000000000001 0.375 0.32837522764553445
0.5750000000000001 0.4125 0.3185903826909816
0.5750000000000001 0.44999999999999996 0.33000993718171656
0.5750000000000001 0.4875 0.3167868528660173
0.5750000000000001 0.525 0.33200145760213323
0.5750000000000001 0.5625 0.31458538466673264
0.5750000000000001 0.6 0.3344373915977975
0.5750000000000001 0.6375 0.31188820709270637
0.5750000000000001 0.6749999999999999 0.3374244233154378
0.5750000000000001 0.7125 0.30858151214476104
0.5750000000000001 0.75 0.34108083189812066
0.5750000000000001 0.7875 0.30454653645283114
0.5750000000000001 0.825 0.3455198997634362
0.5750000000000001 0.8624999999999999 0.2996842845728499
0.5750000000000001 0.8999999999999999 0.35081355477268267
0.5750000000000001 0.9375 0.2939681042313918
0.5750000000000001 0.975 0.35691774771469964
0.5750000000000001 1.0125 0.28754746021858313
0.5750000000000001 1.05 0.36353146546524234
0.5750000000000001 1.0875 0.2809341317001956
0.5750000000000001 1.125 0.3698597059123094
0.5750000000000001 1.1624999999999999 0.2752888060955341
0.5750000000000001 1.2 0.37429344816373267
0.5750000000000001 1.2375 0.2727282908121602
0.5750000000000001 1.275 0.3742454595547315
0.5750000000000001 1.3125 0.27569678454087243
0.5750000000000001 1.3499999999999999 0.37333858715712687
0.5750000000000001 1.3875 0.2122499576423207
0.5750000000000001 1.425 1.1863908361908913
0.5750000000000001 1.4625 -8.826702864874171
0.5750000000000001 1.5 100.0
0.6000000000000001 0.0 0.0
0.6000000000000001 0.0375 0.3537983732910267
0.6000000000000001 0.075 0.3206558819344768
0.6000000000000001 0.11249999999999999 0.3249093657310071
0.6000000000000001 0.15 0.32271735903626664
0.6000000000000001 0.1875 0.32540184271715106
0.6000000000000001 0.22499999999999998 0.3218895332547465
0.6000000000000001 0.2625 0.3263642628888631
0.6000000000000001 0.3 0.3208090737140902
0.6000000000000001 0.33749999999999997 0.32756450035084694
0.6000000000000001 0.375 0.31948304600278915
0.6000000000000001 0.4125 0.32902579405324783
0.6000000000000001 0.44999999999999996 0.31787355647046134
0.6000000000000001 0.4875 0.3307997402427553
0.6000000000000001 0.525 0.31591575388755655
0.6000000000000001 0.5625 0.3329637363030354
0.6000000000000001 0.6 0.3135204891680194
0.6000000000000001 0.6375 0.33561786156443396
0.6000000000000001 0.6749999999999999 0.3105776895439766
0.6000000000000001 0.7125 0.3388809271634833
0.6000000000000001 0.75 0.3069616874385683
0.6000000000000001 0.7875 0.34288251695546795
0.6000000000000001 0.825 0.30254357496075956
0.6000000000000001 0.8624999999999999 0.3477438015753779
0.6000000000000001 0.8999999999999999 0.2972205700025909
0.6000000000000001 0.9375 0.35353341063484145
0.6000000000000001 0.975 0.290981099348449
0.6000000000000001 1.0125 0.36017321076381376
0.6000000000000001 1.05 0.2840385559702291
0.6000000000000001 1.0875 0.36725267254449767
0.6000000000000001 1.125 0.2770816698860712
0.6000000000000001 1.1624999999999999 0.373704105572349
0.6000000000000001 1.2 0.27167251739388143
0.6000000000000001 1.2375 0.37735425227976716
0.6000000000000001 1.275 0.2707166773642911
0.6000000000000001 1.3125 0.37407486041453564
0.6000000000000001 1.3499999999999999 0.28500541779626565
0.6000000000000001 1.3875 0.2851547086734654
0.6000000000000001 1.425 1.1341552341261283
0.6000000000000001 1.4625 -8.799385022383207
0.6000000000000001 1.5 100.0
0.625 0.0 0.0
0.625 0.0375 0.3533588835467455
0.625 0.075 0.3215809204002591
0.625 0.11249999999999999 0.32341672910776653
0.625 0.15 0.32488154306212064
0.625 0.1875 0.3224525550383467
0.625 0.22499999999999998 0.32573972721376543
0.625 0.2625 0.32149769791122385
0.625 0.3 0.3268081418424229
0.625 0.33749999999999997 0.32031327749635863
0.625 0.375 0.32811332849826946
0.625 0.4125 0.318878539013649
0.625 0.44999999999999996 0.32969037118989775
0.625 0.4875 0.3171427983889239
0.625 0.525 0.33160452849529515
0.625 0.5625 0.31502741886362345
0.625 0.6 0.3339468609848468
0.625 0.6375 0.31242959642151713
0.625 0.6749999999999999 0.3368313878539673
0.625 0.7125 0.30922468037749584
0.625 0.75 0.34039247185118787
0.625 0.7875 0.30527022539443144
0.625 0.825 0.34477778469340004
0.625 0.8624999999999999 0.30041815174707703
0.625 0.8999999999999999 0.3501279689455255
0.625 0.9375 0.29454767297231776
0.625 0.975 0.35652473144823466
0.625 1.0125 0.28764534523170426
0.625 1.05 0.36386980020552506
0.625 1.0875 0.27998441967751064
0.625 1.125 0.3716254994251889
0.625 1.1624999999999999 0.2724882894688376
0.625 1.2 0.3783286064654977
0.625 1.2375 0.2673328223123789
0.625 1.275 0.3809731305135571
0.625 1.3125 0.2679123940749643
0.625 1.3499999999999999 0.38157899408768325
0.625 1.3875 0.20448918996008925
0.625 1.425 1.1925205566004808
0.625 1.4625 -8.830107467370754
0.625 1.5 100.0
0.65 0.0 0.0
0.65 0.0375 0.3537197059742536
0.65 0.075 0.32080089371693443
0.65 0.11249999999999999 0.3247164742043005
0.65 0.15 0.3229404301738014
0.65 0.1875 0.3251610306918659
0.65 0.22499999999999998 0.3221419597588633
0.65 0.2625 0.3261008208178316
0.65 0.3 0.32108667790605316
0.65 0.33749999999999997 0.3272673086744847
0.65 0.375 0.3198062367814213
0.65 0.4125 0.3286698244224107
0.65 0.44999999999999996 0.3182689268398503
0.65 0.4875 0.3303585957637817
0.65 0.525 0.3164085504598841
0.65 0.5625 0.3324139229922938
0.65 0.6 0.3141318332050111
0.65 0.6375 0.3349415695927393
0.65 0.6749999999999999 0.31132055003664083
0.65 0.7125 0.3380724344313835
0.65 0.75 0.307830918824255
0.65 0.7875 0.3419630937532325
0.65 0.825 0.303494362526216
0.65 0.8624999999999999 0.34679202311650353
0.65 0.8999999999999999 0.2981268585894314
0.65 0.9375 0.3527407096249793
0.65 0.975 0.29156359615437977
0.65 1.0125 0.35993348669879643
0.65 1.05 0.28375960920542964
0.65 1.0875 0.36827413500380085
0.65 1.125 0.2750476114254542
0.65 1.1624999999999999 0.3770520529051689
0.65 1.2 0.26671516486896146
0.65 1.2375 0.3841409750257924
0.65 1.275 0.26206500030812124
0.65 1.3125 0.3843014314733464
0.65 1.3499999999999999 0.2739564908753048
0.65 1.3875 0.29575642766741383
0.65 1.425 1.1256509882174042
0.65 1.4625 -8.794611723016377
0.65 1.5 100.0
0.675 0.0 0.0
0.675 0.0375 0.35346349792200465
0.675 0.075 0.32139123639436334
0.675 0.11249999999999999 0.32366368598137
0.675 0.15 0.32460247550206356
0.675 0.1875 0.3227475561131956
0.675 0.22499999999999998 0.3254357187761538
0.675 0.2625 0.32181135361919566
0.675 0.3 0.32647977287007657
0.675 0.33749999999999997 0.3206640190912448
0.675 0.375 0.3277318591912887
0.675 0.4125 0.31929937901942523
0.675 0.44999999999999996 0.3292220289175598
0.675 0.4875 0.31766652952794494
0.675 0.525 0.3310182485973851
0.675 0.5625 0.3156830052228236
0.675 0.6 0.333216222128026
0.675 0.6375 0.3132400709333327
0.675 0.6749999999999999 0.33593828604547166
0.675 0.7125 0.3102006726962348
0.675 0.75 0.3393376814836604
0.675 0.7875 0.30639375077304054
0.675 0.825 0.3436048251561307
0.675 0.8624999999999999 0.3016084997618837
0.675 0.8999999999999999 0.34897071180315137
0.675 0.9375 0.2955964471184236
0.675 0.975 0.35569383461469933
0.675 1.0125 0.2881050854087239
0.675 1.05 0.363989872264043
0.675 1.0875 0.2790112425896221
0.675 1.125 0.37379391478362667
0.675 1.1624999999999999 0.26872425211439005
0.675 1.2 0.3841103908905534
0.675 1.2375 0.25917066054825083
0.675 1.275 0.3916777292926994
0.675 1.3125 0.25490918108286825
0.675 1.3499999999999999 0.39600069152809514
0.675 1.3875 0.1903130685052346
0.675 1.425 1.2041253161908685
0.675 1.4625 -8.836712731521443
0.675 1.5 100.0
0.7000000000000001 0.0 0.0
0.7000000000000001 0.0375 0.3535804579678879
0.7000000000000001 0.075 0.321047604097535
0.7000000000000001 0.11249999999999999 0.32440426874307093
0.7000000000000001 0.15 0.3232826840737721
0.7000000000000001 0.1875 0.32480876220056154
0.7000000000000001 0.22499999999999998 0.3224972658169162
0.7000000000000001 0.2625 0.32573920292290687
0.7000000000000001 0.3 0.32146240761437983
0.7000000000000001 0.33749999999999997 0.32686673040833414
0.7000000000000001 0.375 0.32024214342545515
0.7000000000000001 0.4125 0.3281877279263363
0.7000000000000001 0.44999999999999996 0.31880673601340287
0.7000000000000001 0.4875 0.3297554599777535
0.7000000000000001 0.525 0.3170853104277212
0.7000000000000001 0.5625 0.33165511720563673
0.7000000000000001 0.6 0.31497964121105493
0.7000000000000001 0.6375 0.3339981530902488
0.7000000000000001 0.6749999999999999 0.3123637763593024
0.7000000000000001 0.7125 0.3369271234712928
0.7000000000000001 0.75 0.3090757408174653
0.7000000000000001 0.7875 0.3406268878604175
0.7000000000000001 0.825 0.3049037367388969
0.7000000000000001 0.8624999999999999 0.3453406701040857
0.7000000000000001 0.8999999999999999 0.29956859206827424
0.7000000000000001 0.9375 0.35138724248185826
0.7000000000000001 0.975 0.29271101732633853
0.7000000000000001 1.0125 0.3591609944465355
0.7000000000000001 1.05 0.2839198754589665
0.7000000000000001 1.0875 0.3690469673694394
0.7000000000000001 1.125 0.27292278761408395
0.7000000000000001 1.1624999999999999 0.38104456902528117
0.7000000000000001 1.2 0.2602701176522877
0.7000000000000001 1.2375 0.39360654919700455
0.7000000000000001 1.275 0.24919911419217577
0.7000000000000001 1.3125 0.40047245511983276
0.7000000000000001 1.3499999999999999 0.25542244055046004
0.7000000000000001 1.3875 0.31454063415928385
0.7000000000000001 1.425 1.109866544490735
0.7000000000000001 1.4625 -8.785460819108886
0.7000000000000001 1.5 100.0
0.7250000000000001 0.0 0.0
0.7250000000000001 0.0375 0.3536515065288961
0.7250000000000001 0.075 0.32106884747005326
0.7250000000000001 0.11249999999999999 0.32405689414816763
0.7250000000000001 0.15 0.3241881312591883
0.7250000000000001 0.1875 0.32316019300697646
0.7250000000000001 0.22499999999999998 0.3250305702278502
0.7250000000000001 0.2625 0.3222174671598705
0.7250000000000001 0.3 0.3260614541838831
0.7250000000000001 0.33749999999999997 0.32110977647154343
0.7250000000000001 0.375 0.32724634237991207
0.7250000000000001 0.4125 0.31983849980151674
0.7250000000000001 0.44999999999999996 0.32861902553083355
0.7250000000000001 0.4875 0.31834538233260706
0.7250000000000001 0.525 0.33025475132208265
0.7250000000000001 0.5625 0.316541938896578
0.7250000000000001 0.6 0.3322541808979922
0.7250000000000001 0.6375 0.3143145623728462
0.7250000000000001 0.6749999999999999 0.33474594603502844
0.7250000000000001 0.7125 0.3115164463262286
0.7250000000000001 0.75 0.3378992156013719
0.7250000000000001 0.7875 0.3079507331957214
0.7250000000000001 0.825 0.34194517405949804
0.7250000000000001 0.8624999999999999 0.3033437905600301
0.7250000000000001 0.8999999999999999 0.3472095476632565
0.7250000000000001 0.9375 0.2973069539471175
0.7250000000000001 0.975 0.3541548298396325
0.7250000000000001 1.0125 0.28929579527261773
0.7250000000000001 1.05 0.36340665748647444
0.7250000000000001 1.0875 0.2786249296838471
0.7250000000000001 1.125 0.3756459465275932
0.7250000000000001 1.1624999999999999 0.2647631857035014
0.7250000000000001 1.2 0.39096625818327757
0.7250000000000001 1.2375 0.2485704673976173
0.7250000000000001 1.275 0.4067472024002625
0.7250000000000001 1.3125 0.23515163091821709
0.7250000000000001 1.3499999999999999 0.41958614824208035
0.7250000000000001 1.3875 0.16547636860301335
0.7250000000000001 1.425 1.2257044560518797
0.7250000000000001 1.4625 -8.849528103658626
0.7250000000000001 1.5 100.0
0.75 0.0 0.0
0.75 0.0375 0.353319853941142
0.75 0.075 0.3214739209745449
0.75 0.11249999999999999 0.32390797640308483
0.75 0.15 0.3237792713707803
0.75 0.1875 0.32433318747785544
0.75 0.22499999999999998 0.32294849992736707
0.75 0.2625 0.3252935892337276
0.75 0.3 0.321916544953339
0.75 0.33749999999999997 0.326381269642444
0.75 0.375 0.3207711174425597
0.75 0.4125 0.3275961509613933
0.75 0.44999999999999996 0.31946961521848444
0.75 0.4875 0.32900479886883094
0.75 0.525 0.31793074880386235
0.75 0.5625 0.33069946483604995
0.75 0.6 0.31605176359211506
0.75 0.6375 0.33279498576435584
0.75 0.6749999999999999 0.31370274803718795
0.75 0.7125 0.3354405574503558
0.75 0.75 0.31070970668487197
0.75 0.7875 0.33884208518936654
0.75 0.825 0.30682567781529596
0.75 0.8624999999999999 0.34329932292338017
0.75 0.8999999999999999 0.3016832007017098
0.75 0.9375 0.34926598699123246
0.75 0.975 0.2947201805016065
0.75 1.0125 0.35743686670877467
0.75 1.05 0.2850869423109801
0.75 1.0875 0.3688262312506702
0.75 1.125 0.2716294662337841
0.75 1.1624999999999999 0.38462495616114856
0.75 1.2 0.25338099706251793
0.75 1.2375 0.4050191593969471
0.75 1.275 0.23202329734172333
0.75 1.3125 0.424198829728695
0.75 1.3499999999999999 0.2256403937926082
0.75 1.3875 0.34743373997332044
0.75 1.425 1.0800455051093045
0.75 1.4625 -8.767180265681219
0.75 1.5 100.0
0.775 0.0 0.0
0.775 0.0375 0.3540268798577587
0.775 0.075 0.320496052644527
0.775 0.11249999999999999 0.3246872398404684
0.775 0.15 0.3235998308098205
0.775 0.1875 0.32370018478919205
0.775 0.22499999999999998 0.32454157051997223
0.775 0.2625 0.3226962948806238
0.775 0.3 0.32558163127381423
0.775 0.33749999999999997 0.3216295230907043
0.775 0.375 0.3266823952857237
0.775 0.4125 0.3204786667905535
0.775 0.44999999999999996 0.3279035945978582
0.775 0.4875 0.3191647429097322
0.775 0.525 0.32933423238954784
0.775 0.5625 0.31759152973931926
0.775 0.6 0.3310784548787324
0.775 0.6375 0.31564429053245213
0.775 0.6749999999999999 0.33326558244374943
0.775 0.7125 0.3131738914240787
0.775 0.75 0.3360712770427602
0.775 0.7875 0.30996944453284614
0.775 0.825 0.33975306174336034
0.775 0.8624999999999999 0.30571170308978
0.775 0.8999999999999999 0.3447118878231596
0.775 0.9375 0.29989173128387536
0.775 0.975 0.3515986444445868
0.775 1.0125 0.2916742412830692
0.775 1.05 0.36148272955059396
0.775 1.0875 0.2797050380101227
0.775 1.125 0.37603699815657715
0.775 1.1624999999999999 0.2620175525234788
0.775 1.2 0.3973487403119865
0.775 1.2375 0.23689642561686478
0.775 1.275 0.4256794290671166
0.775 1.3125 0.20723648278915366
0.775 1.3499999999999999 0.45687350190759557
0.775 1.3875 0.12177880115298992
0.775 1.425 1.267531136932414
0.775 1.4625 -8.876269423908
0.775 1.5 100.0
0.8 0.0 0.0
0.8 0.0375 0.35275062157904735
0.8 0.075 0.3222553585221457
0.8 0.11249999999999999 0.3230993123508447
0.8 0.15 0.3244620688068369
0.8 0.1875 0.3237275859009074
0.8 0.22499999999999998 0.3234571231002746
0.8 0.2625 0.32478651052447166
0.8 0.3 0.3224047520334906
0.8 0.33749999999999997 0.32582913777580325
0.8 0.375 0.32135580695420013
0.8 0.4125 0.32690696887429915
0.8 0.44999999999999996 0.32022485778695703
0.8 0.4875 0.32811550691031466
0.8 0.525 0.31891394250676036
0.8 0.5625 0.32955463005936103
0.8 0.6 0.3173187081840766
0.8 0.6375 0.3313372001999606
0.8 0.6749999999999999 0.3153127499896533
0.8 0.7125 0.33360930499523606
0.8 0.75 0.31272260516410444
0.8 0.7875 0.3365817441289272
0.8 0.825 0.3092868952985103
0.8 0.8624999999999999 0.3405843768389291
0.8 0.8999999999999999 0.3045828585743028
0.8 0.9375 0.3461662611574377
0.8 0.975 0.29788967609315825
0.8 1.0125 0.35428108946103154
0.8 1.05 0.28794075443660305
0.8 1.0875 0.3666079325973196
0.8 1.125 0.2725333163503022
0.8 1.1624999999999999 0.38596593860561834
0.8 1.2 0.2482405805164805
0.8 1.2375 0.4160805769735547
0.8 1.275 0.21210121055558798
0.8 1.3125 0.4561297361443024
0.8 1.3499999999999999 0.17953129251170882
0.8 1.3875 0.40561625805358115
0.8 1.425 1.0203400831795173
0.8 1.4625 -8.726797752126734
0.8 1.5 100.0
0.8250000000000001 0.0 0.0
0.8250000000000001 0.0375 0.3549486500278358
0.8250000000000001 0.075 0.31942375957570734
0.8250000000000001 0.11249999999999999 0.3257422637138063
0.8250000000000001 0.15 0.3228441677390963
0.8250000000000001 0.1875 0.32438018851935335
0.8250000000000001 0.22499999999999998 0.32405573883048533
0.8250000000000001 0.2625 0.3232393256958904
0.8250000000000001 0.3 0.32512183825757873
0.8250000000000001 0.33749999999999997 0.32222798134620184
0.8250000000000001 0.375 0.326108934231826
0.8250000000000001 0.4125 0.3212339451254582
0.8250000000000001 0.44999999999999996 0.32713875745496374
0.8250000000000001 0.4875 0.32014180989048424
0.8250000000000001 0.525 0.3283184700325951
0.8250000000000001 0.5625 0.3188491781584375
0.8250000000000001 0.6 0.32975083862849586
0.8250000000000001 0.6375 0.31724730025471326
0.8250000000000001 0.6749999999999999 0.3315566236847588
0.8250000000000001 0.7125 0.31519655350217524
0.8250000000000001 0.75 0.3339026612824274
0.8250000000000001 0.7875 0.3124921116595691
0.8250000000000001 0.825 0.33704622868146195
0.8250000000000001 0.8624999999999999 0.30880435713130344
0.8250000000000001 0.8999999999999999 0.3414170566277271
0.8250000000000001 0.9375 0.30356431617489305
0.8250000000000001 0.975 0.3477787325961414
0.8250000000000001 1.0125 0.2957354596733483
0.8250000000000001 1.05 0.3575507893108502
0.8250000000000001 1.0875 0.2833632761073009
0.8250000000000001 1.125 0.3734247420998198
0.8250000000000001 1.1624999999999999 0.26277215500039003
0.8250000000000001 1.2 0.40030417248958894
0.8250000000000001 1.2375 0.22775415156773732
0.8250000000000001 1.275 0.44519219789409603
0.8250000000000001 1.3125 0.17225398495323813
0.8250000000000001 1.3499999999999999 0.5127398076470321
0.8250000000000001 1.3875 0.044422215630874305
0.8250000000000001 1.425 1.3543801053100122
0.8250000000000001 1.4625 -8.939652955277353
0.8250000000000001 1.5 100.0
0.8500000000000001 0.0 0.0
0.8500000000000001 0.0375 0.35113353700485844
0.8500000000000001 0.075 0.3236930814309672
0.8500000000000001 0.11249999999999999 0.32167255453100163
0.8500000000000001 0.15 0.3251911747404879
0.8500000000000001 0.1875 0.3229205075843574
0.8500000000000001 0.22499999999999998 0.32380844293078004
0.8500000000000001 0.2625 0.32414511102946314
0.8500000000000001 0.3 0.32273750759465636
0.8500000000000001 0.33749999999999997 0.32511161406993705
0.8500000000000001 0.375 0.3218261222175896
0.8500000000000001 0.4125 0.32600903474045234
0.8500000000000001 0.44999999999999996 0.3209092137340145
0.8500000000000001 0.4875 0.3269735382252602
0.8500000000000001 0.525 0.31987196681090047
0.8500000000000001 0.5625 0.3281077596221351
0.8500000000000001 0.6 0.31861569608731843
0.8500000000000001 0.6375 0.32951365739752264
0.8500000000000001 0.6749999999999999 0.3170283306060046
0.8500000000000001 0.7125 0.331320677611295
0.8500000000000001 0.75 0.31495445063408856
0.8500000000000001 0.7875 0.3337212460139494
0.8500000000000001 0.825 0.31214971975672395
0.8500000000000001 0.8624999999999999 0.33703239508616123
0.8500000000000001 0.8999999999999999 0.30819482934270914
0.8500000000000001 0.9375 0.3418184050659417
0.8500000000000001 0.975 0.3023182357433767
0.8500000000000001 1.0125 0.3491497253834755
0.8500000000000001 1.05 0.2930150114549679
0.8500000000000001 1.0875 0.36116651933727556
0.8500000000000001 1.125 0.2772147214466777
0.8500000000000001 1.1624999999999999 0.3822924705537311
0.8500000000000001 1.2 0.2485709360728569
0.8500000000000001 1.2375 0.4214443060643617
0.8500000000000001 1.275 0.1952640861322461
0.8500000000000001 1.3125 0.4917575680146883
0.8500000000000001 1.3499999999999999 0.11417732544980735
0.8500000000000001 1.3875 0.5074793095942374
0.8500000000000001 1.425 0.891699648451029
0.8500000000000001 1.4625 -8.6226718276859
0.8500000000000001 1.5 100.0
0.875 0.0 0.0
0.875 0.0375 0.35805946958943363
0.875 0.075 0.31769544969280206
0.875 0.11249999999999999 0.32784594969320824
0.875 0.15 0.3224863407355426
0.875 0.1875 0.32555155526877705
0.875 0.22499999999999998 0.3241704143327884
0.875 0.2625 0.32424519341695823
0.875 0.3 0.32522430310876016
0.875 0.33749999999999997 0.3233454491925538
0.875 0.375 0.32604168778541043
0.875 0.4125 0.3225595117671814
0.875 0.44999999999999996 0.32683318952862556
0.875 0.4875 0.32173381704204906
0.875 0.525 0.3277172015121681
0.875 0.5625 0.3207691503053288
0.875 0.6 0.32878511764062057
0.875 0.6375 0.319573384026622
0.875 0.6749999999999999 0.3301370915581262
0.875 0.7125 0.3180310703507284
0.875 0.75 0.33191222338479787
0.875 0.7875 0.31596880830538254
0.875 0.825 0.334332670734374
0.875 0.8624999999999999 0.3130952972286562
0.875 0.8999999999999999 0.3377883443657783
0.875 0.9375 0.30887863563218454
0.875 0.975 0.34301801416004457
0.875 1.0125 0.30227470812315943
0.875 1.05 0.3515227767483621
0.875 1.0875 0.2910888267053881
0.875 1.125 0.3665639971494378
0.875 1.1624999999999999 0.27040234456626633
0.875 1.2 0.3956431525230819
0.875 1.2375 0.2287375501067691
0.875 1.275 0.45610153907191753
0.875 1.3125 0.14084100926034684
0.875 1.3499999999999999 0.5845667918219447
0.875 1.3875 -0.08627250244216407
0.875 1.425 1.5476084034518307
0.875 1.4625 -9.119904123508848
0.875 1.5 100.0
0.9 0.0 0.0
0.9 0.0375 0.34453194720447816
0.9 0.075 0.3249306957800012
0.9 0.11249999999999999 0.3179491691651699
0.9 0.15 0.3240402123787089
0.9 0.1875 0.32045170471649037
0.9 0.22499999999999998 0.3221581787046443
0.9 0.2625 0.32178416344285315
0.9 0.3 0.32116503796163554
0.9 0.33749999999999997 0.3225852444928212
0.9 0.375 0.32046428159122015
0.9 0.4125 0.32324324916154773
0.9 0.44999999999999996 0.319810910371442
0.9 0.4875 0.3239194132864416
0.9 0.525 0.3190900610506688
0.9 0.5625 0.324704483345562
0.9 0.6 0.3182214331520068
0.9 0.6375 0.32567751482662916
0.9 0.6749999999999999 0.317120020610581
0.9 0.7125 0.3269362426891059
0.9 0.75 0.31566777562472387
0.9 0.7875 0.3286286183317406
0.9 0.825 0.3136737800068303
0.9 0.8624999999999999 0.3310071141319713
0.9 0.8999999999999999 0.31079680115074054
0.9 0.9375 0.33454241831233067
0.9 0.975 0.3063746105505451
0.9 1.0125 0.3401849185731703
0.9 1.05 0.29901510250252983
0.9 1.0875 0.3500180117621225
0.9 1.125 0.28552847300788625
0.9 1.1624999999999999 0.3690439529672775
0.9 1.2 0.25787748809821404
0.9 1.2375 0.41046261606199674
0.9 1.275 0.19410959268300376
0.9 1.3125 0.5101066323270559
0.9 1.3499999999999999 0.04407897998676687
0.9 1.3875 0.6653764291731261
0.9 1.425 0.6003231713885715
0.9 1.4625 -8.291951398648138
0.9 1.5 100.0
0.925 0.0 0.0
0.925 0.0375 0.3734698586637016
0.925 0.075 0.32043730702540685
0.925 0.11249999999999999 0.336460198417597
0.925 0.15 0.3289212536665241
0.925 0.1875 0.3327572754221979
0.925 0.22499999999999998 0.33096972441733064
0.925 0.2625 0.3314921672848637
0.925 0.3 0.33183666907045184
0.925 0.33749999999999997 0.3308305204587874
0.925 0.375 0.3323952092072791
0.925 0.4125 0.3303173899347596
0.925 0.44999999999999996 0.3328982604650133
0.925 0.4875 0.32980048627083025
0.925 0.525 0.3334472646999207
0.925 0.5625 0.32920360712255226
0.925 0.6 0.33410733962170275
0.925 0.6375 0.3284639670750445
0.925 0.6749999999999999 0.3349453311299218
0.925 0.7125 0.32750491470832055
0.925 0.75 0.3360539721498888
0.925 0.7875 0.32620975406018354
0.925 0.825 0.33758468037611783
0.925 0.8624999999999999 0.32437693261021894
0.925 0.8999999999999999 0.33981192342351474
0.925 0.9375 0.32162456858643845
0.925 0.975 0.3432784466853877
0.925 1.0125 0.3171642503395472
0.925 1.05 0.3491564435432335
0.925 1.0875 0.309208368172507
0.925 1.125 0.36025035967145275
0.925 1.1624999999999999 0.29321440440521235
0.925 1.2 0.3841875587265053
0.925 1.2375 0.2558558968048609
0.925 1.275 0.4452530124782287
0.925 1.3125 0.15091350545441498
0.925 1.3499999999999999 0.6369145016132437
0.925 1.3875 -0.25106954196683934
0.925 1.425 1.9789710173987072
0.925 1.4625 -9.765566871564523
0.925 1.5 100.0
0.9500000000000001 0.0 0.0
0.9500000000000001 0.0375 0.305396031940823
0.9500000000000001 0.075 0.30509454350989995
0.9500000000000001 0.11249999999999999 0.2927083824560962
0.9500000000000001 0.15 0.2995703291066678
0.9500000000000001 0.1875 0.29622210566408336
0.9500000000000001 0.22499999999999998 0.2977425721705748
0.9500000000000001 0.2625 0.29724866365257496
0.9500000000000001 0.3 0.29708754162683415
0.9500000000000001 0.33749999999999997 0.2977254580185307
0.9500000000000001 0.375 0.29669686082484253
0.9500000000000001 0.4125 0.2980780120618324
0.9500000000000001 0.44999999999999996 0.2963547657917077
0.9500000000000001 0.4875 0.29842754500159774
0.9500000000000001 0.525 0.29598461743348997
0.9500000000000001 0.5625 0.2988294239914917
0.9500000000000001 0.6 0.2955403707371205
0.9500000000000001 0.6375 0.29932732313774835
0.9500000000000001 0.6749999999999999 0.2949758933179282
0.9500000000000001 0.7125 0.29997402099401116
0.9500000000000001 0.75 0.29422727003000376
0.9500000000000001 0.7875 0.30085017644349926
0.9500000000000001 0.825 0.2931894339356357
0.9500000000000001 0.8624999999999999 0.3020962975860028
0.9500000000000001 0.8999999999999999 0.2916700153275496
0.9500000000000001 0.9375 0.3039817044259651
0.9500000000000001 0.975 0.2892834419843461
0.9500000000000001 1.0125 0.3070714479061758
0.9500000000000001 1.05 0.285180381549708
0.9500000000000001 1.0875 0.312678941835328
0.9500000000000001 1.125 0.2772622960186496
0.9500000000000001 1.1624999999999999 0.3242884002773684
0.9500000000000001 1.2 0.2594735820900141
0.9500000000000001 1.2375 0.3530153578431532
0.9500000000000001 1.275 0.2100750106957286
0.9500000000000001 1.3125 0.4442151641439551
0.9500000000000001 1.3499999999999999 0.03171707206541409
0.9500000000000001 1.3875 0.7685772798285961
0.9500000000000001 1.425 0.005745336014119125
0.9500000000000001 1.4625 -6.949140606184758
0.9500000000000001 1.5 100.0
0.9750000000000001 0.0 0.0
0.9750000000000001 0.0375 0.4799348480621322
0.9750000000000001 0.075 0.4036117570654893
0.9750000000000001 0.11249999999999999 0.42045534940425755
0.9750000000000001 0.15 0.4151639526349629
0.9750000000000001 0.1875 0.41727505925019587
0.9750000000000001 0.22499999999999998 0.4163777658659326
0.9750000000000001 0.2625 0.416678016492868
0.9750000000000001 0.3 0.4167349750989693
0.9750000000000001 0.33749999999999997 0.41642701794429665
0.9750000000000001 0.375 0.4169364691218352
0.9750000000000001 0.4125 0.4162473371361978
0.9750000000000001 0.44999999999999996 0.4171096537655694
0.9750000000000001 0.4875 0.41607103157439007
0.9750000000000001 0.525 0.4172960061680461
0.9750000000000001 0.5625 0.4158688803184593
0.9750000000000001 0.6 0.4175194092081471
0.9750000000000001 0.6375 0.4156184668756474
0.9750000000000001 0.6749999999999999 0.41780342047077024
0.9750000000000001 0.7125 0.41529288130247377
0.9750000000000001 0.75 0.4181806452578911
0.9750000000000001 0.7875 0.4148509081578919
0.9750000000000001 0.825 0.4187048961471102
0.9750000000000001 0.8624999999999999 0.41422038173834375
0.9750000000000001 0.8999999999999999 0.4194752944095126
0.9750000000000001 0.9375 0.41326201132658347
0.9750000000000001 0.975 0.4206921384262649
0.9750000000000001 1.0125 0.41168068566023913
0.9750000000000001 1.05 0.4228019884005533
0.9750000000000001 1.0875 0.40877987248244724
0.9750000000000001 1.125 0.4269305627295116
0.9750000000000001 1.1624999999999999 0.402660644979626
0.9750000000000001 1.2 0.43645568566072324
0.9750000000000001 1.2375 0.3868911797833327
0.9750000000000001 1.275 0.4647964319674101
0.9750000000000001 1.3125 0.32959257963886085
0.9750000000000001 1.3499999999999999 0.6036970224069637
0.9750000000000001 1.3875 -0.11465729613917157
0.9750000000000001 1.425 2.622605864217531
0.9750000000000001 1.4625 -12.73487848599761
0.9750000000000001 1.5 100.0
1.0 0.0 0.0
1.0 0.0375 0.0
1.0 0.075 0.0
1.0 0.11249999999999999 0.0
1.0 0.15 0.0
1.0 0.1875 0.0
1.0 0.22499999999999998 0.0
1.0 0.2625 0.0
1.0 0.3 0.0
1.0 0.33749999999999997 0.0
1.0 0.375 0.0
1.0 0.4125 0.0
1.0 0.44999999999999996 0.0
1.0 0.4875 0.0
1.0 0.525 0.0
1.0 0.5625 0.0
1.0 0.6 0.0
1.0 0.6375 0.0
1.0 0.6749999999999999 0.0
1.0 0.7125 0.0
1.0 0.75 0.0
1.0 0.7875 0.0
1.0 0.825 0.0
1.0 0.8624999999999999 0.0
1.0 0.8999999999999999 0.0
1.0 0.9375 0.0
1.0 0.975 0.0
1.0 1.0125 0.0
1.0 1.05 0.0
1.0 1.0875 0.0
1.0 1.125 0.0
1.0 1.1624999999999999 0.0
1.0 1.2 0.0
1.0 1.2375 0.0
1.0 1.275 0.0
1.0 1.3125 0.0
1.0 1.3499999999999999 0.0
1.0 1.3875 0.0
1.0 1.425 0.0
1.0 1.4625 0.0
1.0 1.5 100.0
