VARIABLES: "X", "Y", "T"
ZONE: I = {nx}, J = {ny}0.0 0.0 0.0
0.0 0.0375 0.0
0.0 0.075 0.0
0.0 0.11249999999999999 0.0
0.0 0.15 0.0
0.0 0.1875 0.0
0.0 0.22499999999999998 0.0
0.0 0.2625 0.0
0.0 0.3 0.0
0.0 0.33749999999999997 0.0
0.0 0.375 0.0
0.0 0.4125 0.0
0.0 0.44999999999999996 0.0
0.0 0.4875 0.0
0.0 0.525 0.0
0.0 0.5625 0.0
0.0 0.6 0.0
0.0 0.6375 0.0
0.0 0.6749999999999999 0.0
0.0 0.7125 0.0
0.0 0.75 0.0
0.0 0.7875 0.0
0.0 0.825 0.0
0.0 0.8624999999999999 0.0
0.0 0.8999999999999999 0.0
0.0 0.9375 0.0
0.0 0.975 0.0
0.0 1.0125 0.0
0.0 1.05 0.0
0.0 1.0875 0.0
0.0 1.125 0.0
0.0 1.1624999999999999 0.0
0.0 1.2 0.0
0.0 1.2375 0.0
0.0 1.275 0.0
0.0 1.3125 0.0
0.0 1.3499999999999999 0.0
0.0 1.3875 0.0
0.0 1.425 0.0
0.0 1.4625 0.0
0.0 1.5 100.0
0.025 0.0 0.0
0.025 0.0375 -3.288314394630776e-05
0.025 0.075 6.623128997831435e-05
0.025 0.11249999999999999 -0.00010051696010418426
0.025 0.15 0.00013622801607597737
0.025 0.1875 -0.00017387595626469456
0.025 0.22499999999999998 0.00021400502573859522
0.025 0.2625 -0.00025720252038055516
0.025 0.3 0.0003041107774649655
0.025 0.33749999999999997 -0.0003554415094146073
0.025 0.375 0.0004119933761790746
0.025 0.4125 -0.00047467403720264273
0.025 0.44999999999999996 0.0005445284246330829
0.025 0.4875 -0.0006227757078953766
0.025 0.525 0.0007108584861704733
0.025 0.5625 -0.00081050931879065
0.025 0.6 0.0009238420475029784
0.025 0.6375 -0.0010534788961256455
0.025 0.6749999999999999 0.0012027297253879195
0.025 0.7125 -0.0013758481821733784
0.025 0.75 0.0015784026799826158
0.025 0.7875 -0.0018178214034172456
0.025 0.825 0.0021042055538294463
0.025 0.8624999999999999 -0.0024515642585278045
0.025 0.8999999999999999 0.002879727543306656
0.025 0.9375 -0.003417378669580637
0.025 0.975 0.00410699116172048
0.025 1.0125 -0.005013122090555753
0.025 1.05 0.006236863570905256
0.025 1.0875 -0.007942139235484112
0.025 1.125 0.01040608755098603
0.025 1.1624999999999999 -0.014121815052100677
0.025 1.2 0.020024821915375756
0.025 1.2375 -0.0300440397904919
0.025 1.275 0.04863267165757064
0.025 1.3125 -0.0878563560522388
0.025 1.3499999999999999 0.1886692982107359
0.025 1.3875 -0.5352131628472627
0.025 1.425 2.2190603386892915
0.025 1.4625 -13.214846217336493
0.025 1.5 100.0
0.05 0.0 0.0
0.05 0.0375 6.555966331537715e-05
0.05 0.075 -0.0001320459736952643
0.05 0.11249999999999999 0.00020040051233421
0.05 0.15 -0.0002715953151982137
0.05 0.1875 0.00034664933008598137
0.05 0.22499999999999998 -0.00042664646752417235
0.05 0.2625 0.0005127559901475106
0.05 0.3 -0.0006062562019756532
0.05 0.33749999999999997 0.0007085627179518005
0.05 0.375 -0.0008212630571569892
0.05 0.4125 0.0009461599726773904
0.05 0.44999999999999996 -0.001085326900187761
0.05 0.4875 0.0012411803153020652
0.05 0.525 -0.001416575847413624
0.05 0.5625 0.0016149380276172186
0.05 0.6 -0.001840438050779464
0.05 0.6375 0.0020982406958322177
0.05 0.6749999999999999 -0.002394851840242699
0.05 0.7125 0.002738613897691684
0.05 0.75 -0.0031404214710860703
0.05 0.7875 0.003614769487239542
0.05 0.825 -0.0041813115004414505
0.05 0.8624999999999999 0.004867215555415967
0.05 0.8999999999999999 -0.0057107939984765935
0.05 0.9375 0.006767219118196352
0.05 0.975 -0.008117752059650124
0.05 1.0125 0.009885084076813941
0.05 1.05 -0.012259712077692265
0.05 1.0875 0.015547090742890509
0.05 1.125 -0.020255828901880556
0.05 1.1624999999999999 0.027271506035748242
0.05 1.2 -0.03822021679488169
0.05 1.2375 0.056279451208806806
0.05 1.275 -0.08809420891558047
0.05 1.3125 0.14833970869981433
0.05 1.3499999999999999 -0.2681248531329937
0.05 1.3875 0.4760692985167744
0.05 1.425 -0.29948125392438196
0.05 1.4625 -7.254471078217771
0.05 1.5 100.0
0.07500000000000001 0.0 0.0
0.07500000000000001 0.0375 -9.782439576805582e-05
0.07500000000000001 0.075 0.00019703041926644275
0.07500000000000001 0.11249999999999999 -0.00029902183729389026
0.07500000000000001 0.15 0.0004052475457467192
0.07500000000000001 0.1875 -0.0005172259192164989
0.07500000000000001 0.22499999999999998 0.0006365714717451895
0.07500000000000001 0.2625 -0.000765024904172618
0.07500000000000001 0.3 0.0009044879230610315
0.07500000000000001 0.33749999999999997 -0.0010570646711634893
0.07500000000000001 0.375 0.0012251122690384317
0.07500000000000001 0.4125 -0.0014113039196759088
0.07500000000000001 0.44999999999999996 0.0016187094035427943
0.07500000000000001 0.4875 -0.0018508997852768926
0.07500000000000001 0.525 0.0021120860588461354
0.07500000000000001 0.5625 -0.0024073057218555118
0.07500000000000001 0.6 0.002742677580056674
0.07500000000000001 0.6375 -0.003125754516742193
0.07500000000000001 0.6749999999999999 0.0035660182317196823
0.07500000000000001 0.7125 -0.004075581837589879
0.07500000000000001 0.75 0.004670200289159872
0.07500000000000001 0.7875 -0.005370742676221415
0.07500000000000001 0.825 0.006205367855926227
0.07500000000000001 0.8624999999999999 -0.007212789541140055
0.07500000000000001 0.8999999999999999 0.008447262114078586
0.07500000000000001 0.9375 -0.009986345150932528
0.07500000000000001 0.975 0.011943269083200304
0.07500000000000001 1.0125 -0.014487136883617222
0.07500000000000001 1.05 0.017876893756340405
0.07500000000000001 1.0875 -0.022520327040518918
0.07500000000000001 1.125 0.0290802641495011
0.07500000000000001 1.1624999999999999 -0.038673182169668266
0.07500000000000001 1.2 0.053255379020964305
0.07500000000000001 1.2375 -0.07640129678866334
0.07500000000000001 1.275 0.11491986086304513
0.07500000000000001 1.3125 -0.18236099710429712
0.07500000000000001 1.3499999999999999 0.3083984965555201
0.07500000000000001 1.3875 -0.587828763087479
0.07500000000000001 1.425 1.6587307414162633
0.07500000000000001 1.4625 -10.139134554959478
0.07500000000000001 1.5 100.0
0.1 0.0 0.0
0.1 0.0375 0.00012947513965820784
0.1 0.075 -0.00026077701014529895
0.1 0.11249999999999999 0.00039576138146520454
0.1 0.15 -0.0005363431873708969
0.1 0.1875 0.0006845283800122544
0.1 0.22499999999999998 -0.000842448722578847
0.1 0.2625 0.0010124008790647512
0.1 0.3 -0.0011968915450764669
0.1 0.33749999999999997 0.0013986909282953876
0.1 0.375 -0.001620897704328874
0.1 0.4125 0.0018670197505796333
0.1 0.44999999999999996 -0.002141076656093612
0.1 0.4875 0.0024477324545668197
0.1 0.525 -0.0027924705827410403
0.1 0.5625 0.003181828258403174
0.1 0.6 -0.0036237151119185946
0.1 0.6375 0.004127852247082783
0.1 0.6749999999999999 -0.004706384921165031
0.1 0.7125 0.005374747866082968
0.1 0.75 -0.006152902036335114
0.1 0.7875 0.007067123737105866
0.1 0.825 -0.008152625978166043
0.1 0.8624999999999999 0.009457452223485981
0.1 0.8999999999999999 -0.011048347991481413
0.1 0.9375 0.013019764296608421
0.1 0.975 -0.015507922329833331
0.1 1.0125 0.018713239142687636
0.1 1.05 -0.022936886056232036
0.1 1.0875 0.028641783984174322
0.1 1.125 -0.03655670799102785
0.1 1.1624999999999999 0.047857401141662585
0.1 1.2 -0.06448444314488319
0.1 1.2375 0.08969085519082534
0.1 1.275 -0.12889103634878002
0.1 1.3125 0.19033945745990796
0.1 1.3499999999999999 -0.2804975768635388
0.1 1.3875 0.34782302243620317
0.1 1.425 0.27513169784362923
0.1 1.4625 -8.636353870306582
0.1 1.5 100.0
0.125 0.0 0.0
0.125 0.0375 -0.0001603140821389552
0.125 0.075 0.00032288704382581207
0.125 0.11249999999999999 -0.0004900133149392267
0.125 0.15 0.0006640597094411634
0.125 0.1875 -0.0008475042936374141
0.125 0.22499999999999998 0.0010429787066502819
0.125 0.2625 -0.0012533155175233522
0.125 0.3 0.0014816026418619022
0.125 0.33749999999999997 -0.0017312474830728937
0.125 0.375 0.0020060543901712596
0.125 0.4125 -0.002310320355130923
0.125 0.44999999999999996 0.0026489557832315275
0.125 0.4875 -0.0030276399180521572
0.125 0.525 0.003453024471228931
0.125 0.5625 -0.003933004766842952
0.125 0.6 0.00447708612184991
0.125 0.6375 -0.005096885558443661
0.125 0.6749999999999999 0.005806827304306791
0.125 0.7125 -0.006625118045068336
0.125 0.75 0.007575129567014685
0.125 0.7875 -0.008687380344687561
0.125 0.825 0.01000240698523524
0.125 0.8624999999999999 -0.011574973103762716
0.125 0.8999999999999999 0.013480313825424485
0.125 0.9375 -0.01582352063397768
0.125 0.975 0.01875383850929315
0.125 1.0125 -0.022486750400060936
0.125 1.05 0.02733854471186555
0.125 1.0875 -0.0337810072405713
0.125 1.125 0.042528365657715846
0.125 1.1624999999999999 -0.05467435405405567
0.125 1.2 0.07190045399961628
0.125 1.2375 -0.09676096072377796
0.125 1.275 0.1329741052448278
0.125 1.3125 -0.18555805195105105
0.125 1.3499999999999999 0.2627445122385109
0.125 1.3875 -0.4146084666274381
0.125 1.425 1.2302358416525303
0.125 1.4625 -9.478123907638373
0.125 1.5 100.0
0.15000000000000002 0.0 0.0
0.15000000000000002 0.0375 0.0001901491666370561
0.15000000000000002 0.075 -0.00038297350418768563
0.15000000000000002 0.11249999999999999 0.0005811897862501472
0.15000000000000002 0.15 -0.0007875994321903663
0.15000000000000002 0.1875 0.0010051338133696952
0.15000000000000002 0.22499999999999998 -0.0012369033972595216
0.15000000000000002 0.2625 0.001486252472816383
0.15000000000000002 0.3 -0.001756821668480564
0.15000000000000002 0.33749999999999997 0.002052621157762553
0.15000000000000002 0.375 -0.0023781184310125965
0.15000000000000002 0.4125 0.002738345919162629
0.15000000000000002 0.44999999999999996 -0.0031390357660586064
0.15000000000000002 0.4875 0.003586791923165609
0.15000000000000002 0.525 -0.004089313868522846
0.15000000000000002 0.5625 0.004655692196891744
0.15000000000000002 0.6 -0.005296804928683746
0.15000000000000002 0.6375 0.00602585589341087
0.15000000000000002 0.6749999999999999 -0.0068591148437776375
0.15000000000000002 0.7125 0.007816945911400076
0.15000000000000002 0.75 -0.008925251008900965
0.15000000000000002 0.7875 0.0102175145828372
0.15000000000000002 0.825 -0.011737726226613763
0.15000000000000002 0.8624999999999999 0.013544594372349915
0.15000000000000002 0.8999999999999999 -0.015717672708278112
0.15000000000000002 0.9375 0.018366338904254383
0.15000000000000002 0.975 -0.021643046407983056
0.15000000000000002 1.0125 0.025762980737405485
0.15000000000000002 1.05 -0.03103323985680119
0.15000000000000002 1.0875 0.037895832450797556
0.15000000000000002 1.125 -0.046989521223152426
0.15000000000000002 1.1624999999999999 0.059233479708367204
0.15000000000000002 1.2 -0.07592339525774061
0.15000000000000002 1.2375 0.0987854495268512
0.15000000000000002 1.275 -0.1297812621136814
0.15000000000000002 1.3125 0.1698421960035928
0.15000000000000002 1.3499999999999999 -0.21180145026437608
0.15000000000000002 1.3875 0.186387946108781
0.15000000000000002 1.425 0.5676235926057545
0.15000000000000002 1.4625 -8.973615215032964
0.15000000000000002 1.5 100.0
0.17500000000000002 0.0 0.0
0.17500000000000002 0.0375 -0.00021879538307418965
0.17500000000000002 0.075 0.00044066367298642916
0.17500000000000002 0.11249999999999999 -0.0006687249192810022
0.17500000000000002 0.15 0.0009061950106077404
0.17500000000000002 0.1875 -0.0011564367815574037
0.17500000000000002 0.22499999999999998 0.001423015205584136
0.17500000000000002 0.2625 -0.0017097585058214956
0.17500000000000002 0.3 0.0020208274877869673
0.17500000000000002 0.33749999999999997 -0.0023607960854932545
0.17500000000000002 0.375 0.0027347470979399743
0.17500000000000002 0.4125 -0.00314838849630357
0.17500000000000002 0.44999999999999996 0.003608197676572784
0.17500000000000002 0.4875 -0.0041216038675737235
0.17500000000000002 0.525 0.004697222940479485
0.17500000000000002 0.5625 -0.005345164623567309
0.17500000000000002 0.6 0.006077440359312941
0.17500000000000002 0.6375 -0.006908511845096327
0.17500000000000002 0.6749999999999999 0.007856037267362309
0.17500000000000002 0.7125 -0.00894189669182215
0.17500000000000002 0.75 0.010193613378507093
0.17500000000000002 0.7875 -0.011646338807066836
0.17500000000000002 0.825 0.013345642805371179
0.17500000000000002 0.8624999999999999 -0.015351455770522217
0.17500000000000002 0.8999999999999999 0.017743659409302066
0.17500000000000002 0.9375 -0.020630027890592782
0.17500000000000002 0.975 0.024157487000115427
0.17500000000000002 1.0125 -0.028527955769144596
0.17500000000000002 1.05 0.03402023137677394
0.17500000000000002 1.0875 -0.041019059485937995
0.17500000000000002 1.125 0.050050557027560776
0.17500000000000002 1.1624999999999999 -0.061816624541746
0.17500000000000002 1.2 0.07720316383338666
0.17500000000000002 1.2375 -0.09719493470073638
0.17500000000000002 1.275 0.12255947623489123
0.17500000000000002 1.3125 -0.15328264215390178
0.17500000000000002 1.3499999999999999 0.1908018365028762
0.17500000000000002 1.3875 -0.28198877429838687
0.17500000000000002 1.425 1.0353970103454655
0.17500000000000002 1.4625 -9.294820401195338
0.17500000000000002 1.5 100.0
0.2 0.0 0.0
0.2 0.0375 0.00024607596703566086
0.2 0.075 -0.0004956015519778372
0.2 0.11249999999999999 0.0007520785070968533
0.2 0.15 -0.001019114476162192
0.2 0.1875 0.0013004792268125145
0.2 0.22499999999999998 -0.0016001650781483666
0.2 0.2625 0.0019224533729899243
0.2 0.3 -0.0022719892957222673
0.2 0.33749999999999997 0.0026538679913861466
0.2 0.375 -0.0030737358756379464
0.2 0.4125 0.0035379123477205267
0.2 0.44999999999999996 -0.004053538985647487
0.2 0.4875 0.00462876593594885
0.2 0.525 -0.00527298892317256
0.2 0.5625 0.0059971555394316214
0.2 0.6 -0.006814166853541774
0.2 0.6375 0.00773941077127272
0.2 0.6749999999999999 -0.008791478183982595
0.2 0.7125 0.009993133396051308
0.2 0.75 -0.011372638781605666
0.2 0.7875 0.012965572796384035
0.2 0.825 -0.014817333404643663
0.2 0.8624999999999999 0.016986588195084806
0.2 0.8999999999999999 -0.019550017492107403
0.2 0.9375 0.022608787894986673
0.2 0.975 -0.026297256803720442
0.2 1.0125 0.03079435013981709
0.2 1.05 -0.036337644147964074
0.2 1.0875 0.04323887800989505
0.2 1.125 -0.05189622850994789
0.2 1.1624999999999999 0.06279067090254814
0.2 1.2 -0.07643616290024398
0.2 1.2375 0.09321652186649983
0.2 1.275 -0.11295607957044806
0.2 1.3125 0.13370263126284493
0.2 1.3499999999999999 -0.14594989234644778
0.2 1.3875 0.08326902550081157
0.2 1.425 0.6975891221692662
0.2 1.4625 -9.079302297231838
0.2 1.5 100.0
0.225 0.0 0.0
0.225 0.0375 -0.00027182349731384606
0.225 0.075 0.0005474500740081378
0.225 0.11249999999999999 -0.0008307393688460961
0.225 0.15 0.0011256657885406988
0.225 0.1875 -0.0014363791770803161
0.225 0.22499999999999998 0.0017672696560158416
0.225 0.2625 -0.0021230384355265114
0.225 0.3 0.0025087768037786408
0.225 0.33749999999999997 -0.0029300560902727237
0.225 0.375 0.0033930322327626857
0.225 0.4125 -0.003904569749693906
0.225 0.44999999999999996 0.004472391561335649
0.225 0.4875 -0.005105263394492709
0.225 0.525 0.005813224698535265
0.225 0.5625 -0.006607882436603448
0.225 0.6 0.007502790254998917
0.225 0.6375 -0.008513943979749347
0.225 0.6749999999999999 0.009660435906197272
0.225 0.7125 -0.01096532584122283
0.225 0.75 0.012456807267929066
0.225 0.7875 -0.014169772984114813
0.225 0.825 0.016147915705720387
0.225 0.8624999999999999 -0.018446532163744662
0.225 0.8999999999999999 0.021136224171827107
0.225 0.9375 -0.024307682081621235
0.225 0.975 0.028077638142740613
0.225 1.0125 -0.03259576658853752
0.225 1.05 0.03805152823436236
0.225 1.0875 -0.04467820037394783
0.225 1.125 0.052747637037384824
0.225 1.1624999999999999 -0.06254202864328207
0.225 1.2 0.07427588783736055
0.225 1.2375 -0.0879229096573798
0.225 1.275 0.10290513007238332
0.225 1.3125 -0.1179000829012892
0.225 1.3499999999999999 0.13439933840465143
0.225 1.3875 -0.20373917930353705
0.225 1.425 0.9475825352683663
0.225 1.4625 -9.23056812775506
0.225 1.5 100.0
0.25 0.0 0.0
0.25 0.0375 0.0002958808847132129
0.25 0.075 -0.0005958930887292732
0.25 0.11249999999999999 0.0009042283479396646
0.25 0.15 -0.0012252008678478186
0.25 0.1875 0.0015633117508992104
0.25 0.22499999999999998 -0.0019233174495427864
0.25 0.2625 0.0023103039349859225
0.25 0.3 -0.002729768615533814
0.25 0.33749999999999997 0.003187712531043055
0.25 0.375 -0.0036907460426001243
0.25 0.4125 0.004246212200791479
0.25 0.44999999999999996 -0.004862333310611513
0.25 0.4875 0.005548388049921459
0.25 0.525 -0.00631492901918092
0.25 0.5625 0.007174054032969644
0.25 0.6 -0.008139749094526878
0.25 0.6375 0.009228327154915835
0.25 0.6749999999999999 -0.010458994783739364
0.25 0.7125 0.011854588995115904
0.25 0.75 -0.013442538541956914
0.25 0.7875 0.015256116962742742
0.25 0.825 -0.01733606545995051
0.25 0.8624999999999999 0.019732664988099474
0.25 0.8999999999999999 -0.022508312870046048
0.25 0.9375 0.02574057727220639
0.25 0.975 -0.02952549858915269
0.25 1.0125 0.03398045732253811
0.25 1.05 -0.03924500779343578
0.25 1.0875 0.04547629418192588
0.25 1.125 -0.05283239902966449
0.25 1.1624999999999999 0.06143140088016787
0.25 1.2 -0.07126531835023243
0.25 1.2375 0.08203587591232804
0.25 1.275 -0.0928485217716742
0.25 1.3125 0.10142895560795906
0.25 1.3499999999999999 -0.09936407986454009
0.25 1.3875 0.024429993086799186
0.25 1.425 0.7579756901941688
0.25 1.4625 -9.12020423827392
0.25 1.5 100.0
0.275 0.0 0.0
0.275 0.0375 -0.00031810224851393324
0.275 0.075 0.0006406371160257592
0.275 0.11249999999999999 -0.0009721009419266288
0.275 0.15 0.0013171190961363843
0.275 0.1875 -0.0016805135159903939
0.275 0.22499999999999998 0.0020673740209795426
0.275 0.2625 -0.0024831349352413636
0.275 0.3 0.0029336588119764566
0.275 0.33749999999999997 -0.003425329428291178
0.275 0.375 0.003965156738359716
0.275 0.4125 -0.00456089718505979
0.275 0.44999999999999996 0.005221193738915437
0.275 0.4875 -0.005955741340203177
0.275 0.525 0.006775485166598085
0.275 0.5625 -0.0076928614511327245
0.275 0.6 0.008722093550057163
0.275 0.6375 -0.009879559685968322
0.275 0.6749999999999999 0.011184253224669581
0.275 0.7125 -0.012658361145769043
0.275 0.75 0.01432799056246067
0.275 0.7875 -0.016224074474755934
0.275 0.825 0.018383481643797182
0.275 0.8624999999999999 -0.02085033208497179
0.275 0.8999999999999999 0.023677461085951097
0.275 0.9375 -0.026927847346007804
0.275 0.975 0.03067556479194855
0.275 1.0125 -0.03500532965503523
0.275 1.05 0.04000882707792176
0.275 1.0875 -0.04577446879267269
0.275 1.125 0.052364762456931245
0.275 1.1624999999999999 -0.05977192181858977
0.275 1.2 0.0678384644512085
0.275 1.2375 -0.07613013631668585
0.275 1.275 0.08378400774906049
0.275 1.3125 -0.089689077049203
0.275 1.3499999999999999 0.09671513735963391
0.275 1.3875 -0.15955262754622704
0.275 1.425 0.9052762464729579
0.275 1.4625 -9.203497712859646
0.275 1.5 100.0
0.30000000000000004 0.0 0.0
0.30000000000000004 0.0375 0.00033835368037138364
0.30000000000000004 0.075 -0.0006814128673810565
0.30000000000000004 0.11249999999999999 0.0010339495661957645
0.30000000000000004 0.15 -0.0014008702947555698
0.30000000000000004 0.1875 0.0017872861298639233
0.30000000000000004 0.22499999999999998 -0.00219858620365021
0.30000000000000004 0.2625 0.002640515982384836
0.30000000000000004 0.3 -0.0031192618331929932
0.30000000000000004 0.33749999999999997 0.003641543624665828
0.30000000000000004 0.375 -0.004214717432324928
0.30000000000000004 0.4125 0.004846890851918324
0.30000000000000004 0.44999999999999996 -0.005547053989793945
0.30000000000000004 0.4875 0.006325229929817387
0.30000000000000004 0.525 -0.007192649396810022
0.30000000000000004 0.5625 0.008161955456682015
0.30000000000000004 0.6 -0.009247445377448253
0.30000000000000004 0.6375 0.010465358085893973
0.30000000000000004 0.6749999999999999 -0.011834216646129131
0.30000000000000004 0.7125 0.013375235105721247
0.30000000000000004 0.75 -0.015112796381304803
0.30000000000000004 0.7875 0.01707499965709842
0.30000000000000004 0.825 -0.01929425658944926
0.30000000000000004 0.8624999999999999 0.0218078755800718
0.30000000000000004 0.8999999999999999 -0.024658495153005486
0.30000000000000004 0.9375 0.02789408151121017
0.30000000000000004 0.975 -0.03156694341300165
0.30000000000000004 1.0125 0.03573076543851236
0.30000000000000004 1.05 -0.04043391569519594
0.30000000000000004 1.0875 0.045706131540025105
0.30000000000000004 1.125 -0.05153407456243422
0.30000000000000004 1.1624999999999999 0.057819383610155324
0.30000000000000004 1.2 -0.0643115531857473
0.30000000000000004 1.2375 0.0705078636367035
0.30000000000000004 1.275 -0.07549673916164598
0.30000000000000004 1.3125 0.07745098029387967
0.30000000000000004 1.3499999999999999 -0.0692611149277341
0.30000000000000004 1.3875 -0.008829684094729624
0.30000000000000004 1.425 0.7881375268467155
0.30000000000000004 1.4625 -9.138702923023224
0.30000000000000004 1.5 100.0
0.325 0.0 0.0
0.325 0.0375 -0.0003565138985098558
0.325 0.075 0.000717976541907831
0.325 0.11249999999999999 -0.0010894054642527746
0.325 0.15 0.0014759571999101832
0.325 0.1875 -0.0018829993000776077
0.325 0.22499999999999998 0.0023161854189771825
0.325 0.2625 -0.002781534579861649
0.325 0.3 0.0032855158080246118
0.325 0.33749999999999997 -0.0038351394167538107
0.325 0.375 0.004438056352661842
0.325 0.4125 -0.00510266714653173
0.325 0.44999999999999996 0.005838242166467494
0.325 0.4875 -0.006655055011855201
0.325 0.525 0.00756453097695844
0.325 0.5625 -0.008579412466918278
0.325 0.6 0.009713942903138633
0.325 0.6375 -0.010984069704047309
0.325 0.6749999999999999 0.012407664811704142
0.325 0.7125 -0.014004756948179015
0.325 0.75 0.015797761545463758
0.325 0.7875 -0.01781167899233195
0.325 0.825 0.020074204163482892
0.325 0.8624999999999999 -0.022615641235116623
0.325 0.8999999999999999 0.025468433053733433
0.325 0.9375 -0.028665971158806244
0.325 0.975 0.032240117688524784
0.325 1.0125 -0.03621649992512045
0.325 1.05 0.04060608639776015
0.325 1.0875 -0.04539080454045728
0.325 1.125 0.050500112974162584
0.325 1.1624999999999999 -0.05577490747030811
0.325 1.2 0.0609161349315944
0.325 1.2375 -0.06542222875510433
0.325 1.275 0.06855819701141705
0.325 1.3125 -0.0697213753435203
0.325 1.3499999999999999 0.07287417413684005
0.325 1.3875 -0.13444002370434455
0.325 1.425 0.8834520569052495
0.325 1.4625 -9.19053274365597
0.325 1.5 100.0
0.35000000000000003 0.0 0.0
0.35000000000000003 0.0375 0.00037247479770190174
0.35000000000000003 0.075 -0.0007501109093034324
0.35000000000000003 0.11249999999999999 0.0011381402863344277
0.35000000000000003 0.15 -0.0015419374722446956
0.35000000000000003 0.1875 0.0019670931210072204
0.35000000000000003 0.22499999999999998 -0.0024194901796409122
0.35000000000000003 0.2625 0.0029053836137658876
0.35000000000000003 0.3 -0.003431484535380414
0.35000000000000003 0.33749999999999997 0.004005049549072926
0.35000000000000003 0.375 -0.004633976050045381
0.35000000000000003 0.4125 0.005326904058377946
0.35000000000000003 0.44999999999999996 -0.006093324917841802
0.35000000000000003 0.4875 0.006943696759646986
0.35000000000000003 0.525 -0.00788956592940715
0.35000000000000003 0.5625 0.008943692435902602
0.35000000000000003 0.6 -0.010120175640393601
0.35000000000000003 0.6375 0.011434573441266237
0.35000000000000003 0.6749999999999999 -0.01290400343361628
0.35000000000000003 0.7125 0.014547206823087192
0.35000000000000003 0.75 -0.016384543447455595
0.35000000000000003 0.7875 0.018437866220571177
0.35000000000000003 0.825 -0.02073019109536837
0.35000000000000003 0.8624999999999999 0.023285027192090496
0.35000000000000003 0.8999999999999999 -0.026125150558641994
0.35000000000000003 0.9375 0.029270479446359937
0.35000000000000003 0.975 -0.03273452068661813
0.35000000000000003 1.0125 0.03651858821813145
0.35000000000000003 1.05 -0.04060264314392885
0.35000000000000003 1.0875 0.044931215294237346
0.35000000000000003 1.125 -0.049392602115599274
0.35000000000000003 1.1624999999999999 0.053789794533998424
0.35000000000000003 1.2 -0.05780299835763723
0.35000000000000003 1.2375 0.06094553862032592
0.35000000000000003 1.275 -0.06249645042070302
0.35000000000000003 1.3125 0.06110749465815019
0.35000000000000003 1.3499999999999999 -0.050525877460312056
0.35000000000000003 1.3875 -0.027821905663877874
0.35000000000000003 1.425 0.8040999831498454
0.35000000000000003 1.4625 -9.147958953945212
0.35000000000000003 1.5 100.0
0.375 0.0 0.0
0.375 0.0375 -0.00038614190258969266
0.375 0.075 0.0007776261963153574
0.375 0.11249999999999999 -0.001179867365109387
0.375 0.15 0.0015984252865771438
0.375 0.1875 -0.0020390798585921883
0.375 0.22499999999999998 0.0025079078874310767
0.375 0.2625 -0.0030113628910147083
0.375 0.3 0.0035563583586890445
0.375 0.33749999999999997 -0.004150354831749548
0.375 0.375 0.004801450894409059
0.375 0.4125 -0.005518477745566102
0.375 0.44999999999999996 0.006311096387551111
0.375 0.4875 -0.007189895515978758
0.375 0.525 0.00816648677293365
0.375 0.5625 -0.009253591909049546
0.375 0.6 0.010465113254624197
0.375 0.6375 -0.01181617422832415
0.375 0.6749999999999999 0.013323109672269223
0.375 0.7125 -0.015003375488443861
0.375 0.75 0.016875331723240634
0.375 0.7875 -0.018957830498827294
0.375 0.825 0.02126950656729635
0.375 0.8624999999999999 -0.0238276189884638
0.375 0.8999999999999999 0.026646221333643538
0.375 0.9375 -0.029733337954334554
0.375 0.975 0.0330866899186313
0.375 1.0125 -0.03668734890763253
0.375 1.05 0.04049052568149682
0.375 1.0875 -0.044412597404932835
0.375 1.125 0.048313622188775676
0.375 1.1624999999999999 -0.05197534326796907
0.375 1.2 0.05507682342589574
0.375 1.2375 -0.05717623896018102
0.375 1.275 0.057741311670508284
0.375 1.3125 -0.05657924130047711
0.375 1.3499999999999999 0.058295876763112126
0.375 1.3875 -0.12010740690805459
0.375 1.425 0.8717172627021328
0.375 1.4625 -9.183852492995998
0.375 1.5 100.0
0.4 0.0 0.0
0.4 0.0375 0.00039743473331544434
0.4 0.075 -0.0008003607962310138
0.4 0.11249999999999999 0.001214342721888132
0.4 0.15 -0.0016450925546803604
0.4 0.1875 0.0020985452639030425
0.4 0.22499999999999998 -0.0025809360470247155
0.4 0.2625 0.003098879969976389
0.4 0.3 -0.0036594541970660995
0.4 0.33749999999999997 0.004270282765947982
0.4 0.375 -0.004939623418041226
0.4 0.4125 0.005676455336166357
0.4 0.44999999999999996 -0.006490565674722024
0.4 0.4875 0.007392631359095254
0.4 0.525 -0.00839429058926219
0.4 0.5625 0.009508195537341377
0.4 0.6 -0.010748033498929317
0.4 0.6375 0.012128497708623218
0.4 0.6749999999999999 -0.013665180417295067
0.4 0.7125 0.01537434863027309
0.4 0.75 -0.01727254574431293
0.4 0.7875 0.019375938399297646
0.4 0.825 -0.021699294956473433
0.4 0.8624999999999999 0.024254437658120475
0.4 0.8999999999999999 -0.027047952590777434
0.4 0.9375 0.030077869790039412
0.4 0.975 -0.03332894505131733
0.4 1.0125 0.03676610181328599
0.4 1.05 -0.040325566126449046
0.4 1.0875 0.04390333380494446
0.4 1.125 -0.0473409995448852
0.4 1.1624999999999999 0.05040988803499581
0.4 1.2 -0.05279601060466723
0.4 1.2375 0.054088869487490795
0.4 1.275 -0.053753792098976336
0.4 1.3125 0.050771563149000803
0.4 1.3499999999999999 -0.03935703399503339
0.4 1.3875 -0.03854031414168069
0.4 1.425 0.8126989912327497
0.4 1.4625 -9.152785960840733
0.4 1.5 100.0
0.42500000000000004 0.0 0.0
0.42500000000000004 0.0375 -0.00040628709313636767
0.42500000000000004 0.075 0.0008181818223418204
0.42500000000000004 0.11249999999999999 -0.0012413658389629175
0.42500000000000004 0.15 0.0016816698370141837
0.42500000000000004 0.1875 -0.00214514950022996
0.42500000000000004 0.22499999999999998 0.0026381630216284952
0.42500000000000004 0.2625 -0.0031674504685779746
0.42500000000000004 0.3 0.0037402150026528544
0.42500000000000004 0.33749999999999997 -0.004364205566648371
0.42500000000000004 0.375 0.00504780006477482
0.42500000000000004 0.4125 -0.005800087206017042
0.42500000000000004 0.44999999999999996 0.006630943941654639
0.42500000000000004 0.4875 -0.007551103647581485
0.42500000000000004 0.525 0.00857220766064812
0.42500000000000004 0.5625 -0.009706829173986116
0.42500000000000004 0.6 0.010968453419494142
0.42500000000000004 0.6375 -0.012371390969038082
0.42500000000000004 0.6749999999999999 0.013930591154288942
0.42500000000000004 0.7125 -0.01566130913428098
0.42500000000000004 0.75 0.017578561944392584
0.42500000000000004 0.7875 -0.019696284752019604
0.42500000000000004 0.825 0.022026067456719377
0.42500000000000004 0.8624999999999999 -0.024575313277477126
0.42500000000000004 0.8999999999999999 0.027344616325150062
0.42500000000000004 0.9375 -0.03032410929253583
0.42500000000000004 0.975 0.033488497420934286
0.42500000000000004 1.0125 -0.036790495920668465
0.42500000000000004 1.05 0.0401524718429894
0.42500000000000004 1.0875 -0.04345633782118005
0.42500000000000004 1.125 0.046532277976429455
0.42500000000000004 1.1624999999999999 -0.04914788438551783
0.42500000000000004 1.2 0.05100109280678662
0.42500000000000004 1.2375 -0.051725027286426625
0.42500000000000004 1.275 0.05094278436140284
0.42500000000000004 1.3125 -0.04871157399538509
0.42500000000000004 1.3499999999999999 0.04996611078313012
0.42500000000000004 1.3875 -0.11226144434268523
0.42500000000000004 1.425 0.8655195514965428
0.42500000000000004 1.4625 -9.180409838438221
0.42500000000000004 1.5 100.0
0.45 0.0 0.0
0.45 0.0375 0.00041264728769726915
0.45 0.075 -0.0008309855262580328
0.45 0.11249999999999999 0.001260780233403085
0.45 0.15 -0.0017079469985349072
0.45 0.1875 0.0021786277667148806
0.45 0.22499999999999998 -0.0026792684531900986
0.45 0.2625 0.00321669802910684
0.45 0.3 -0.0037982089035883916
0.45 0.33749999999999997 0.004431637955673124
0.45 0.375 -0.005125446877622637
0.45 0.4125 0.005888799488005259
0.45 0.44999999999999996 -0.006731632231830316
0.45 0.4875 0.0076647120305651795
0.45 0.525 -0.008699672737903077
0.45 0.5625 0.009849017375888731
0.45 0.6 -0.011126067645641695
0.45 0.6375 0.012544834380933352
0.45 0.6749999999999999 -0.014119771964328884
0.45 0.7125 0.015865365464698033
0.45 0.75 -0.017795480553640167
0.45 0.7875 0.019922382437229075
0.45 0.825 -0.022255300959107976
0.45 0.8624999999999999 0.024798385838437673
0.45 0.8999999999999999 -0.02754786245936092
0.45 0.9375 0.03048817329795475
0.45 0.975 -0.03358688974349791
0.45 1.0125 0.0367882335016541
0.45 1.05 -0.040005204295131234
0.45 1.0875 0.043110642284940624
0.45 1.125 -0.045928149254008385
0.45 1.1624999999999999 0.0482247243445896
0.45 1.2 -0.04970807458569036
0.45 1.2375 0.050030597301523864
0.45 1.275 -0.04877576217903845
0.45 1.3125 0.045102363900467936
0.45 1.3499999999999999 -0.03344594456801751
0.45 1.3875 -0.044031363217265064
0.45 1.425 0.8169873190239237
0.45 1.4625 -9.155149862132422
0.45 1.5 100.0
0.47500000000000003 0.0 0.0
0.47500000000000003 0.0375 -0.00041647828495153824
0.47500000000000003 0.075 0.0008386976004344212
0.47500000000000003 0.11249999999999999 -0.0012724738649567285
0.47500000000000003 0.15 0.0017237736593329691
0.47500000000000003 0.1875 -0.0021987906946345946
0.47500000000000003 0.22499999999999998 0.0027040234591730497
0.47500000000000003 0.2625 -0.003246354102558373
0.47500000000000003 0.3 0.003833128267332563
0.47500000000000003 0.33749999999999997 -0.004472235060714555
0.47500000000000003 0.375 0.00517218560172985
0.47500000000000003 0.4125 -0.00594218748522792
0.47500000000000003 0.44999999999999996 0.006792210938926195
0.47500000000000003 0.4875 -0.0077330402274045085
0.47500000000000003 0.525 0.00877630072747193
0.47500000000000003 0.5625 -0.009934447729874896
0.47500000000000003 0.6 0.011220696981254191
0.47500000000000003 0.6375 -0.012648868725781852
0.47500000000000003 0.6749999999999999 0.014233105891471122
0.47500000000000003 0.7125 -0.015987412383174467
0.47500000000000003 0.75 0.017924938539160697
0.47500000000000003 0.7875 -0.02005691733625027
0.47500000000000003 0.825 0.022391127345415186
0.47500000000000003 0.8624999999999999 -0.024929728879668343
0.47500000000000003 0.8999999999999999 0.027666293517894645
0.47500000000000003 0.9375 -0.03058183493231825
0.47500000000000003 0.975 0.03363967003665247
0.47500000000000003 1.0125 -0.036779025831697565
0.47500000000000003 1.05 0.03990750696891941
0.47500000000000003 1.0875 -0.04289291616664082
0.47500000000000003 1.125 0.04555554587519084
0.47500000000000003 1.1624999999999999 -0.047662997623512254
0.47500000000000003 1.2 0.04893097975202105
0.47500000000000003 1.2375 -0.04903721527743871
0.47500000000000003 1.275 0.04768365697783186
0.47500000000000003 1.3125 -0.04504116317641465
0.47500000000000003 1.3499999999999999 0.04617950655891547
0.47500000000000003 1.3875 -0.10877745056206141
0.47500000000000003 1.425 0.8628198492451161
0.47500000000000003 1.4625 -9.17892936828247
0.47500000000000003 1.5 100.0
0.5 0.0 0.0
0.5 0.0375 0.00041775782342614036
0.5 0.075 -0.0008412733814523171
0.5 0.11249999999999999 0.001276379405898058
0.5 0.15 -0.001729059483249556
0.5 0.1875 0.002205524580846761
0.5 0.22499999999999998 -0.002712290700524769
0.5 0.2625 0.00325625768968351
0.5 0.3 -0.003844788881348058
0.5 0.33749999999999997 0.004485790701153744
0.5 0.375 -0.005187790599850219
0.5 0.4125 0.005960010545523534
0.5 0.44999999999999996 -0.006812431702471357
0.5 0.4875 0.007755843644986393
0.5 0.525 -0.008801868250112858
0.5 0.5625 0.009962943947643799
0.5 0.6 -0.011252249844674858
0.5 0.6375 0.012683540846414428
0.5 0.6749999999999999 -0.0142708536295429
0.5 0.7125 0.016028028509856736
0.5 0.75 -0.01796797329011737
0.5 0.7875 0.020101571848840052
0.5 0.825 -0.022436113196476145
0.5 0.8624999999999999 0.024973088451619246
0.5 0.8999999999999999 -0.02770517946467294
0.5 0.9375 0.03061225503825457
0.5 0.975 -0.033656219012554923
0.5 1.0125 0.03677465143311403
0.5 1.05 -0.03987339725081406
0.5 1.0875 0.04281864766796092
0.5 1.125 -0.04542968831497263
0.5 1.1624999999999999 0.0474743685596035
0.5 1.2 -0.048670216780476006
0.5 1.2375 0.04869263053795852
0.5 1.275 -0.04716441201960169
0.5 1.3125 0.04329959038190899
0.5 1.3499999999999999 -0.031597690499288844
0.5 1.3875 -0.04572238218762491
0.5 1.425 0.818291702655093
0.5 1.4625 -9.155863006956729
0.5 1.5 100.0
0.525 0.0 0.0
0.525 0.0375 -0.00041647847471810165
0.525 0.075 0.0008386979667026804
0.525 0.11249999999999999 -0.0012724743940625556
0.525 0.15 0.0017237743373336107
0.525 0.1875 -0.0021987915074236537
0.525 0.22499999999999998 0.002704024392589394
0.525 0.2625 -0.0032463551424885637
0.525 0.3 0.0038331293998065006
0.525 0.33749999999999997 -0.0044722362719941365
0.525 0.375 0.005172186878390375
0.525 0.4125 -0.005942188814232234
0.525 0.44999999999999996 0.006792212307691435
0.525 0.4875 -0.007733041623861475
0.525 0.525 0.008776302140117147
0.525 0.5625 -0.009934449147815426
0.525 0.6 0.011220698394245332
0.525 0.6375 -0.012648870124258044
0.525 0.6749999999999999 0.014233107266570016
0.525 0.7125 -0.015987413726754704
0.525 0.75 0.017924939843813374
0.525 0.7875 -0.020056918595304656
0.525 0.825 0.02239112855293911
0.525 0.8624999999999999 -0.02492973003046279
0.525 0.8999999999999999 0.0276662946074844
0.525 0.9375 -0.03058183595693762
0.525 0.975 0.03363967099322615
0.525 1.0125 -0.036779026717820094
0.525 1.05 0.039907507782829046
0.525 1.0875 -0.042892916907190964
0.525 1.125 0.04555554654181986
0.525 1.1624999999999999 -0.04766299821621147
0.525 1.2 0.04893098027129872
0.525 1.2375 -0.04903721572428167
0.525 1.275 0.047683657353675676
0.525 1.3125 -0.04504116348309966
0.525 1.3499999999999999 0.046179506798647074
0.525 1.3875 -0.1087774507373751
0.525 1.425 0.8628198493588417
0.525 1.4625 -9.178929368337677
0.525 1.5 100.0
0.55 0.0 0.0
0.55 0.0375 0.0004126476639153186
0.55 0.075 -0.000830986252396122
0.55 0.11249999999999999 0.0012607812823716626
0.55 0.15 -0.0017079483426920298
0.55 0.1875 0.0021786293780941884
0.55 0.22499999999999998 -0.0026792703037167107
0.55 0.2625 0.0032167000908004226
0.55 0.3 -0.0037982111487528053
0.55 0.33749999999999997 0.004431640357072149
0.55 0.375 -0.005125449408641395
0.55 0.4125 0.005888802122797193
0.55 0.44999999999999996 -0.006731634945449515
0.55 0.4875 0.00766471479908408
0.55 0.525 -0.008699675538515668
0.55 0.5625 0.009849020186999428
0.55 0.6 -0.011126070446940093
0.55 0.6375 0.012544837153455425
0.55 0.6749999999999999 -0.014119774690504766
0.55 0.7125 0.015865368128387198
0.55 0.75 -0.017795483140154222
0.55 0.7875 0.019922384933343158
0.55 0.825 -0.022255303353061258
0.55 0.8624999999999999 0.024798388119923045
0.55 0.8999999999999999 -0.0275478646195062
0.55 0.9375 0.030488175329294032
0.55 0.975 -0.03358689163993473
0.55 1.0125 0.03678823525841943
0.55 1.05 -0.04000520590873207
0.55 1.0875 0.04311064375310394
0.55 1.125 -0.04592815057562113
0.55 1.1624999999999999 0.04822472551963399
0.55 1.2 -0.04970807561517368
0.55 1.2375 0.050030598187404685
0.55 1.275 -0.048775762924160124
0.55 1.3125 0.045102364508480354
0.55 1.3499999999999999 -0.03344594504329265
0.55 1.3875 -0.04403136286970052
0.55 1.425 0.8169873187984604
0.55 1.4625 -9.155149862022961
0.55 1.5 100.0
0.5750000000000001 0.0 0.0
0.5750000000000001 0.0375 -0.0004062876491997529
0.5750000000000001 0.075 0.0008181828955992156
0.5750000000000001 0.11249999999999999 -0.0012413673893750194
0.5750000000000001 0.15 0.0016816718237252382
0.5750000000000001 0.1875 -0.0021451518819047164
0.5750000000000001 0.22499999999999998 0.002638165756771298
0.5750000000000001 0.2625 -0.0031674535158329174
0.5750000000000001 0.3 0.0037402183210840764
0.5750000000000001 0.33749999999999997 -0.0043642091159997905
0.5750000000000001 0.375 0.005047803805708722
0.5750000000000001 0.4125 -0.005800091100331313
0.5750000000000001 0.44999999999999996 0.0066309479524783495
0.5750000000000001 0.4875 -0.0075511077395488775
0.5750000000000001 0.525 0.008572211800051105
0.5750000000000001 0.5625 -0.009706833328905654
0.5750000000000001 0.6 0.010968457559910785
0.5750000000000001 0.6375 -0.012371395066922301
0.5750000000000001 0.6749999999999999 0.01393059518367188
0.5750000000000001 0.7125 -0.015661313071306346
0.5750000000000001 0.75 0.017578565767350462
0.5750000000000001 0.7875 -0.019696288441363223
0.5750000000000001 0.825 0.022026070995065705
0.5750000000000001 0.8624999999999999 -0.024575316649592047
0.5750000000000001 0.8999999999999999 0.027344619517920065
0.5750000000000001 0.9375 -0.030324112294925903
0.5750000000000001 0.975 0.033488500223934126
0.5750000000000001 1.0125 -0.036790498517228945
0.5750000000000001 1.05 0.04015247422794744
0.5750000000000001 1.0875 -0.04345633999117662
0.5750000000000001 1.125 0.046532279929819224
0.5750000000000001 1.1624999999999999 -0.049147886122274234
0.5750000000000001 1.2 0.05100109432839819
0.5750000000000001 1.2375 -0.051725028595790264
0.5750000000000001 1.275 0.05094278546271937
0.5750000000000001 1.3125 -0.04871157489404716
0.5750000000000001 1.3499999999999999 0.04996611148560243
0.5750000000000001 1.3875 -0.1122614448564001
0.5750000000000001 1.425 0.8655195518297827
0.5750000000000001 1.4625 -9.180409838600017
0.5750000000000001 1.5 100.0
0.6000000000000001 0.0 0.0
0.6000000000000001 0.0375 0.00039743545937487876
0.6000000000000001 0.075 -0.0008003621975976165
0.6000000000000001 0.11249999999999999 0.001214344746282047
0.6000000000000001 0.15 -0.0016450951487556814
0.6000000000000001 0.1875 0.002098548373687776
0.6000000000000001 0.22499999999999998 -0.0025809396183374246
0.6000000000000001 0.2625 0.0030988839488181132
0.6000000000000001 0.3 -0.003659458529986342
0.6000000000000001 0.33749999999999997 0.004270287400383824
0.6000000000000001 0.375 -0.00493962830262889
0.6000000000000001 0.4125 0.005676460421024833
0.6000000000000001 0.44999999999999996 -0.006490570911708435
0.6000000000000001 0.4875 0.007392636702032061
0.6000000000000001 0.525 -0.008394295994136292
0.6000000000000001 0.5625 0.00950820096247565
0.6000000000000001 0.6 -0.010748038905126966
0.6000000000000001 0.6375 0.012128503059285698
0.6000000000000001 0.6749999999999999 -0.013665185678514519
0.6000000000000001 0.7125 0.015374353770900006
0.6000000000000001 0.75 -0.017272550736000404
0.6000000000000001 0.7875 0.019375943216523174
0.6000000000000001 0.825 -0.021699299576539776
0.6000000000000001 0.8624999999999999 0.024254442061136264
0.6000000000000001 0.8999999999999999 -0.027047956759620115
0.6000000000000001 0.9375 0.03007787371030041
0.6000000000000001 0.975 -0.03332894871123202
0.6000000000000001 1.0125 0.036766105203649896
0.6000000000000001 1.05 -0.04032556924052073
0.6000000000000001 1.0875 0.04390333663833821
0.6000000000000001 1.125 -0.04734100209545259
0.6000000000000001 1.1624999999999999 0.050409890302701835
0.6000000000000001 1.2 -0.05279601259145518
0.6000000000000001 1.2375 0.05408887119714535
0.6000000000000001 1.275 -0.053753793536980427
0.6000000000000001 1.3125 0.05077156432239445
0.6000000000000001 1.3499999999999999 -0.03935703491226241
0.6000000000000001 1.3875 -0.03854031347091835
0.6000000000000001 1.425 0.8126989907976299
0.6000000000000001 1.4625 -9.152785960629473
0.6000000000000001 1.5 100.0
0.625 0.0 0.0
0.625 0.0375 -0.00038614278562447917
0.625 0.075 0.0007776279006599351
0.625 0.11249999999999999 -0.0011798698271808985
0.625 0.15 0.001598428441496205
0.625 0.1875 -0.002039083640717959
0.625 0.22499999999999998 0.0025079122308679994
0.625 0.2625 -0.0030113677300891545
0.625 0.3 0.0035563636283944167
0.625 0.33749999999999997 -0.0041503604681587284
0.625 0.375 0.00480145683505334
0.625 0.4125 -0.005518483929780104
0.625 0.44999999999999996 0.006311102756783382
0.625 0.4875 -0.00718990201406808
0.625 0.525 0.008166493346351235
0.625 0.5625 -0.009253598507107594
0.625 0.6 0.010465119829651473
0.625 0.6375 -0.011816180735809466
0.625 0.6749999999999999 0.013323116070973754
0.625 0.7125 -0.015003381740483511
0.625 0.75 0.016875337794139904
0.625 0.7875 -0.018957836357545645
0.625 0.825 0.021269512186229276
0.625 0.8624999999999999 -0.023827624343419538
0.625 0.8999999999999999 0.02664622640379742
0.625 0.9375 -0.029733342722163002
0.625 0.975 0.033086694369826176
0.625 1.0125 -0.036687353030999084
0.625 1.05 0.0404905294688366
0.625 1.0875 -0.044412600850911234
0.625 1.125 0.048313625290780475
0.625 1.1624999999999999 -0.05197534602595716
0.625 1.2 0.055076825842230184
0.625 1.2375 -0.05717624103946643
0.625 1.275 0.05774131341941162
0.625 1.3125 -0.056579242727560375
0.625 1.3499999999999999 0.05829587787864776
0.625 1.3875 -0.12010740772383759
0.625 1.425 0.8717172632313275
0.625 1.4625 -9.183852493252925
0.625 1.5 100.0
0.65 0.0 0.0
0.65 0.0375 0.0003724758216152241
0.65 0.075 -0.0007501128855575348
0.65 0.11249999999999999 0.0011381431412025057
0.65 0.15 -0.0015419411304965673
0.65 0.1875 0.0019670975065297657
0.65 0.22499999999999998 -0.0024194952160256633
0.65 0.2625 0.0029053892248617056
0.65 0.3 -0.003431490645809612
0.65 0.33749999999999997 0.004005056084709508
0.65 0.375 -0.004633982938454443
0.65 0.4125 0.005326911229215614
0.65 0.44999999999999996 -0.006093332303215381
0.65 0.4875 0.006943704294435336
0.65 0.525 -0.007889573551541577
0.65 0.5625 0.008943700086608603
0.65 0.6 -0.010120183264394518
0.65 0.6375 0.011434580986949617
0.65 0.6749999999999999 -0.01290401085316408
0.65 0.7125 0.014547214072571353
0.65 0.75 -0.016384550486900414
0.65 0.7875 0.018437873013983933
0.65 0.825 -0.020730197610740544
0.65 0.8624999999999999 0.02328503340137081
0.65 0.8999999999999999 -0.026125156437683476
0.65 0.9375 0.029270484974843275
0.65 0.975 -0.03273452584795241
0.65 1.0125 0.036518592999336005
0.65 1.05 -0.040602647535497256
0.65 1.0875 0.044931219289983934
0.65 1.125 -0.049392605712495034
0.65 1.1624999999999999 0.05378979773199308
0.65 1.2 -0.057803001159471436
0.65 1.2375 0.060945541031337924
0.65 1.275 -0.06249645244862564
0.65 1.3125 0.06110749631290853
0.65 1.3499999999999999 -0.05052587875381982
0.65 1.3875 -0.02782190471794595
0.65 1.425 0.8040999825362254
0.65 1.4625 -9.147958953647294
0.65 1.5 100.0
0.675 0.0 0.0
0.675 0.0375 -0.00035651504424734213
0.675 0.075 0.0007179787532946338
0.675 0.11249999999999999 -0.0010894086587901512
0.675 0.15 0.0014759612934171365
0.675 0.1875 -0.001883004207385159
0.675 0.22499999999999998 0.0023161910545858606
0.675 0.2625 -0.0027815408585599353
0.675 0.3 0.003285522645466457
0.675 0.33749999999999997 -0.003835146729993778
0.675 0.375 0.004438064060646802
0.675 0.4125 -0.00510267517054836
0.675 0.44999999999999996 0.005838250430545296
0.675 0.4875 -0.006655063443124997
0.675 0.525 0.007564539505966649
0.675 0.5625 -0.00857942102789748
0.675 0.6 0.009713951434235413
0.675 0.6375 -0.010984078147508408
0.675 0.6749999999999999 0.012407673114022197
0.675 0.7125 -0.014004765060199417
0.675 0.75 0.01579776942245455
0.675 0.7875 -0.01781168659401804
0.675 0.825 0.020074211454047402
0.675 0.8624999999999999 -0.02261564818317075
0.675 0.8999999999999999 0.025468439632257315
0.675 0.9375 -0.02866597734506289
0.675 0.975 0.03224012346394931
0.675 1.0125 -0.03621650527518794
0.675 1.05 0.040606091311832786
0.675 1.0875 -0.04539080901161386
0.675 1.125 0.050500116999013224
0.675 1.1624999999999999 -0.05577491104879698
0.675 1.2 0.06091613806678776
0.675 1.2375 -0.0654222314529759
0.675 1.275 0.0685581992806202
0.675 1.3125 -0.06972137719516032
0.675 1.3499999999999999 0.07287417558424708
0.675 1.3875 -0.13444002476282535
0.675 1.425 0.883452057591873
0.675 1.4625 -9.190532743989333
0.675 1.5 100.0
0.7000000000000001 0.0 0.0
0.7000000000000001 0.0375 0.0003383549260625674
0.7000000000000001 0.075 -0.0006814152716883929
0.7000000000000001 0.11249999999999999 0.0010339530394233543
0.7000000000000001 0.15 -0.001400874745378494
0.7000000000000001 0.1875 0.001787291465283096
0.7000000000000001 0.22499999999999998 -0.0021985923309072192
0.7000000000000001 0.2625 0.0026405228088343413
0.7000000000000001 0.3 -0.0031192692671306375
0.7000000000000001 0.33749999999999997 0.003641551575910038
0.7000000000000001 0.375 -0.0042147258127515266
0.7000000000000001 0.4125 0.004846899575947078
0.7000000000000001 0.44999999999999996 -0.005547062974826711
0.7000000000000001 0.4875 0.006325239096627917
0.7000000000000001 0.525 -0.007192658669885631
0.7000000000000001 0.5625 0.008161964764517748
0.7000000000000001 0.6 -0.009247454652794645
0.7000000000000001 0.6375 0.010465367265959365
0.7000000000000001 0.6749999999999999 -0.011834225672738221
0.7000000000000001 0.7125 0.013375243925431218
0.7000000000000001 0.75 -0.015112804945481211
0.7000000000000001 0.7875 0.017075007921952705
0.7000000000000001 0.825 -0.01929426451603982
0.7000000000000001 0.8624999999999999 0.021807883134271497
0.7000000000000001 0.8999999999999999 -0.024658502305437296
0.7000000000000001 0.9375 0.027894088237153433
0.7000000000000001 0.975 -0.031566949692271966
0.7000000000000001 1.0125 0.035730771255317734
0.7000000000000001 1.05 -0.040433921037970354
0.7000000000000001 1.0875 0.045706136401243734
0.7000000000000001 1.125 -0.05153407893841119
0.7000000000000001 1.1624999999999999 0.05781938750083017
0.7000000000000001 1.2 -0.06431155659445359
0.7000000000000001 1.2375 0.07050786656993671
0.7000000000000001 1.275 -0.07549674162881281
0.7000000000000001 1.3125 0.07745098230705752
0.7000000000000001 1.3499999999999999 -0.06926111650141109
0.7000000000000001 1.3875 -0.008829682943907444
0.7000000000000001 1.425 0.7881375261001913
0.7000000000000001 1.4625 -9.13870292266078
0.7000000000000001 1.5 100.0
0.7250000000000001 0.0 0.0
0.7250000000000001 0.0375 -0.0003181035696361587
0.7250000000000001 0.075 0.0006406396659224769
0.7250000000000001 0.11249999999999999 -0.0009721046254705301
0.7250000000000001 0.15 0.0013171238162603932
0.7250000000000001 0.1875 -0.001680519174488216
0.7250000000000001 0.22499999999999998 0.0020673805192638057
0.7250000000000001 0.2625 -0.0024831421750567224
0.7250000000000001 0.3 0.002933666696065525
0.7250000000000001 0.33749999999999997 -0.00342533786101157
0.7250000000000001 0.375 0.003965165626251023
0.7250000000000001 0.4125 -0.004560906437359576
0.7250000000000001 0.44999999999999996 0.005221203268023965
0.7250000000000001 0.4875 -0.005955751062096768
0.7250000000000001 0.525 0.0067754950011914734
0.7250000000000001 0.5625 -0.007692871322591089
0.7250000000000001 0.6 0.008722103387058849
0.7250000000000001 0.6375 -0.0098795694219194
0.7250000000000001 0.6749999999999999 0.01118426279787203
0.7250000000000001 0.7125 -0.012658370499543905
0.7250000000000001 0.75 0.014327999645228484
0.7250000000000001 0.7875 -0.016224083240076605
0.7250000000000001 0.825 0.018383490050371053
0.7250000000000001 0.8624999999999999 -0.02085034009660522
0.7250000000000001 0.8999999999999999 0.023677468671488202
0.7250000000000001 0.9375 -0.026927854479230864
0.7250000000000001 0.975 0.030675571451451084
0.7250000000000001 1.0125 -0.03500533582406892
0.7250000000000001 1.05 0.04000883274422026
0.7250000000000001 1.0875 -0.045774473948255213
0.7250000000000001 1.125 0.05236476709788947
0.7250000000000001 1.1624999999999999 -0.05977192594485861
0.7250000000000001 1.2 0.06783846806632449
0.7250000000000001 1.2375 -0.07613013942753624
0.7250000000000001 1.275 0.08378401036562388
0.7250000000000001 1.3125 -0.08968907918428516
0.7250000000000001 1.3499999999999999 0.09671513902860249
0.7250000000000001 1.3875 -0.15955262876673668
0.7250000000000001 1.425 0.905276247264686
0.7250000000000001 1.4625 -9.203497713244044
0.7250000000000001 1.5 100.0
0.75 0.0 0.0
0.75 0.0375 0.0002958822542774521
0.75 0.075 -0.0005958957321238743
0.75 0.11249999999999999 0.0009042321665492546
0.75 0.15 -0.0012252057610461326
0.75 0.1875 0.0015633176168789922
0.75 0.22499999999999998 -0.0019233241861017266
0.75 0.2625 0.0023103114402659194
0.75 0.3 -0.002729776788711312
0.75 0.33749999999999997 0.003187721272968724
0.75 0.375 -0.003690755256386599
0.75 0.4125 0.0042462217923483064
0.75 0.44999999999999996 -0.004862343189126921
0.75 0.4875 0.005548398128290856
0.75 0.525 -0.0063149392143825
0.75 0.5625 0.0071740642663879455
0.75 0.6 -0.008139759292225065
0.75 0.6375 0.00922833724785816
0.75 0.6749999999999999 -0.010459004707965501
0.75 0.7125 0.011854598691868633
0.75 0.75 -0.01344254795776553
0.75 0.7875 0.015256126049464245
0.75 0.825 -0.01733607417477092
0.75 0.8624999999999999 0.01973267329349808
0.75 0.8999999999999999 -0.0225083207337245
0.75 0.9375 0.025740584666985596
0.75 0.975 -0.029525505492841376
0.75 1.0125 0.0339804637177738
0.75 1.05 -0.039245013667502236
0.75 1.0875 0.04547629952654969
0.75 1.125 -0.05283240384079428
0.75 1.1624999999999999 0.061431405157736166
0.75 1.2 -0.07126532209790487
0.75 1.2375 0.08203587913724446
0.75 1.275 -0.09284852448418116
0.75 1.3125 0.10142895782132857
0.75 1.3499999999999999 -0.0993640815947033
0.75 1.3875 0.024429994352063167
0.75 1.425 0.7579756893734092
0.75 1.4625 -9.120204237875422
0.75 1.5 100.0
0.775 0.0 0.0
0.775 0.0375 -0.00027182488607180186
0.775 0.075 0.0005474527544485127
0.775 0.11249999999999999 -0.0008307432409714739
0.775 0.15 0.0011256707503145928
0.775 0.1875 -0.0014363851252686948
0.775 0.22499999999999998 0.0017672764869840834
0.775 0.2625 -0.0021230460459890285
0.775 0.3 0.002508785091498887
0.775 0.33749999999999997 -0.002930064954711846
0.775 0.375 0.0033930415756754898
0.775 0.4125 -0.0039045794756713188
0.775 0.44999999999999996 0.004472401578293217
0.775 0.4875 -0.005105273614105104
0.775 0.525 0.005813235036617189
0.775 0.5625 -0.006607892813437681
0.775 0.6 0.007502800595612431
0.775 0.6375 -0.008513954214138912
0.775 0.6749999999999999 0.009660445969506173
0.775 0.7125 -0.010965335673870416
0.775 0.75 0.012456816815695248
0.775 0.7875 -0.014169782198181881
0.775 0.825 0.016147924542674368
0.775 0.8624999999999999 -0.018446540585539052
0.775 0.8999999999999999 0.021136232145710858
0.775 0.9375 -0.024307689580034347
0.775 0.975 0.02807764514318081
0.775 1.0125 -0.03259577307339909
0.775 1.05 0.038051534190750566
0.775 1.0875 -0.04467820579347371
0.775 1.125 0.052747641915940356
0.775 1.1624999999999999 -0.06254203298079798
0.775 1.2 0.0742758916375546
0.775 1.2375 -0.08792291292749185
0.775 1.275 0.10290513282290492
0.775 1.3125 -0.11790008514567776
0.775 1.3499999999999999 0.13439934015906072
0.775 1.3875 -0.20373918058653406
0.775 1.425 0.9475825361006274
0.775 1.4625 -9.230568128159145
0.775 1.5 100.0
0.8 0.0 0.0
0.8 0.0375 0.00024607734370744904
0.8 0.075 -0.0004956042090907105
0.8 0.11249999999999999 0.0007520823455236601
0.8 0.15 -0.001019119394754455
0.8 0.1875 0.0013004851232346346
0.8 0.22499999999999998 -0.0016001718496676382
0.8 0.2625 0.0019224609172196398
0.8 0.3 -0.002271997511315633
0.8 0.33749999999999997 0.002653876778679286
0.8 0.375 -0.0030737451372406764
0.8 0.4125 0.003537921989054103
0.8 0.44999999999999996 -0.004053548915428865
0.8 0.4875 0.004628776066621369
0.8 0.525 -0.005272999171283591
0.8 0.5625 0.005997165825957711
0.8 0.6 -0.006814177104162362
0.8 0.6375 0.007739420916593819
0.8 0.6749999999999999 -0.008791488159711914
0.8 0.7125 0.009993143143126725
0.8 0.75 -0.011372648246278963
0.8 0.7875 0.012965581930262347
0.8 0.825 -0.014817342164690874
0.8 0.8624999999999999 0.016986596543585496
0.8 0.8999999999999999 -0.019550025396595477
0.8 0.9375 0.022608795328142216
0.8 0.975 -0.026297263743236744
0.8 1.0125 0.030794356568241716
0.8 1.05 -0.036337650052514714
0.8 1.0875 0.043238883382255656
0.8 1.125 -0.051896233346046115
0.8 1.1624999999999999 0.06279067520231482
0.8 1.2 -0.07643616666736588
0.8 1.2375 0.09321652510815288
0.8 1.275 -0.1129560822970315
0.8 1.3125 0.13370263348770167
0.8 1.3499999999999999 -0.14594989408558862
0.8 1.3875 0.08326902677264038
0.8 1.425 0.6975891213442447
0.8 1.4625 -9.079302296831273
0.8 1.5 100.0
0.8250000000000001 0.0 0.0
0.8250000000000001 0.0375 -0.00021879671459579356
0.8250000000000001 0.075 0.0004406662429549765
0.8250000000000001 0.11249999999999999 -0.0006687286318203748
0.8250000000000001 0.15 0.0009061997678867915
0.8250000000000001 0.1875 -0.0011564424845967951
0.8250000000000001 0.22499999999999998 0.00142302175502045
0.8250000000000001 0.2625 -0.0017097658026259599
0.8250000000000001 0.3 0.002020835433936622
0.8250000000000001 0.33749999999999997 -0.002360804584592857
0.8250000000000001 0.375 0.0027347560557934203
0.8250000000000001 0.4125 -0.0031483978214339736
0.8250000000000001 0.44999999999999996 0.003608207280690873
0.8250000000000001 0.4875 -0.0041216136659944
0.8250000000000001 0.525 0.0046972328524870904
0.8250000000000001 0.5625 -0.0053451745727300885
0.8250000000000001 0.6 0.006077450273747802
0.8250000000000001 0.6375 -0.006908521657685168
0.8250000000000001 0.6749999999999999 0.007856046915921415
0.8250000000000001 0.7125 -0.008941906119226418
0.8250000000000001 0.75 0.010193622532771058
0.8250000000000001 0.7875 -0.01164634764138479
0.8250000000000001 0.825 0.013345651278118457
0.8250000000000001 0.8624999999999999 -0.015351463845220294
0.8250000000000001 0.8999999999999999 0.017743667054549574
0.8250000000000001 0.9375 -0.020630035079965945
0.8250000000000001 0.975 0.02415749371203901
0.8250000000000001 1.0125 -0.028527961986738425
0.8250000000000001 1.05 0.03402023708767541
0.8250000000000001 1.0875 -0.041019064682103624
0.8250000000000001 1.125 0.05005056170505083
0.8250000000000001 1.1624999999999999 -0.06181662870049487
0.8250000000000001 1.2 0.0772031674769603
0.8250000000000001 1.2375 -0.09719493783607379
0.8250000000000001 1.275 0.12255947887205215
0.8250000000000001 1.3125 -0.1532826443057903
0.8250000000000001 1.3499999999999999 0.19080183818497892
0.8250000000000001 1.3875 -0.2819887755285053
0.8250000000000001 1.425 1.0353970111434272
0.8250000000000001 1.4625 -9.294820401582758
0.8250000000000001 1.5 100.0
0.8500000000000001 0.0 0.0
0.8500000000000001 0.0375 0.00019015041842665643
0.8500000000000001 0.075 -0.00038297592026557216
0.8500000000000001 0.11249999999999999 0.0005811932764812991
0.8500000000000001 0.15 -0.0007876039046018008
0.8500000000000001 0.1875 0.0010051391749089926
0.8500000000000001 0.22499999999999998 -0.0012369095545131832
0.8500000000000001 0.2625 0.0014862593326855167
0.8500000000000001 0.3 -0.0017568291388118582
0.8500000000000001 0.33749999999999997 0.0020526291479329474
0.8500000000000001 0.375 -0.0023781268524664867
0.8500000000000001 0.4125 0.0027383546859007994
0.8500000000000001 0.44999999999999996 -0.003139044795078574
0.8500000000000001 0.4875 0.0035868011348532567
0.8500000000000001 0.525 -0.004089323186995793
0.8500000000000001 0.5625 0.004655701550294999
0.8500000000000001 0.6 -0.00529681424943861
0.8500000000000001 0.6375 0.006025865118418282
0.8500000000000001 0.6749999999999999 -0.006859123914577486
0.8500000000000001 0.7125 0.007816954774287909
0.8500000000000001 0.75 -0.008925259615004223
0.8500000000000001 0.7875 0.010217522888152938
0.8500000000000001 0.825 -0.011737734192009856
0.8500000000000001 0.8624999999999999 0.01354460196353211
0.8500000000000001 0.8999999999999999 -0.01571767989572539
0.8500000000000001 0.9375 0.01836634566312515
0.8500000000000001 0.975 -0.021643052717994254
0.8500000000000001 1.0125 0.02576298658268746
0.8500000000000001 1.05 -0.031033245225731684
0.8500000000000001 1.0875 0.03789583733581514
0.8500000000000001 1.125 -0.04698952562055228
0.8500000000000001 1.1624999999999999 0.05923348361808914
0.8500000000000001 1.2 -0.07592339868313544
0.8500000000000001 1.2375 0.09878545247444429
0.8500000000000001 1.275 -0.12978126459292694
0.8500000000000001 1.3125 0.1698421980266252
0.8500000000000001 1.3499999999999999 -0.21180145184575472
0.8500000000000001 1.3875 0.18638794726523936
0.8500000000000001 1.425 0.5676235918555761
0.8500000000000001 1.4625 -8.97361521466874
0.8500000000000001 1.5 100.0
0.875 0.0 0.0
0.875 0.0375 -0.0001603152183811387
0.875 0.075 0.0003228892368857403
0.875 0.11249999999999999 -0.0004900164830018644
0.875 0.15 0.0006640637690231643
0.875 0.1875 -0.0008475091602756361
0.875 0.22499999999999998 0.001042984295553833
0.875 0.2625 -0.001253321744186905
0.875 0.3 0.0014816094226384263
0.875 0.33749999999999997 -0.0017312547357043661
0.875 0.375 0.0020060620342762644
0.875 0.4125 -0.002310328312648477
0.875 0.44999999999999996 0.002648963978820746
0.875 0.4875 -0.0030276482794477765
0.875 0.525 0.0034530329295529467
0.875 0.5625 -0.003933013256873006
0.875 0.6 0.004477094582245215
0.875 0.6375 -0.0050968939319295655
0.875 0.6749999999999999 0.005806835537819359
0.875 0.7125 -0.006625126089860366
0.875 0.75 0.007575137378724867
0.875 0.7875 -0.008687387883374618
0.875 0.825 0.01000241421537926
0.875 0.8624999999999999 -0.01157497999423493
0.875 0.8999999999999999 0.013480320349428787
0.875 0.9375 -0.015823526768965555
0.875 0.975 0.018753844236853827
0.875 1.0125 -0.022486755705789615
0.875 1.05 0.027338549585212677
0.875 1.0875 -0.03378101167467352
0.875 1.125 0.04252836964921038
0.875 1.1624999999999999 -0.054674357602887684
0.875 1.2 0.07190045710882761
0.875 1.2375 -0.09676096339929102
0.875 1.275 0.13297410749522437
0.875 1.3125 -0.18555805378734572
0.875 1.3499999999999999 0.2627445136739195
0.875 1.3875 -0.41460846767714704
0.875 1.425 1.230235842333466
0.875 1.4625 -9.478123907968982
0.875 1.5 100.0
0.9 0.0 0.0
0.9 0.0375 0.00012947612360494074
0.9 0.075 -0.00026077890925992606
0.9 0.11249999999999999 0.0003957641248987135
0.9 0.15 -0.0005363467028295756
0.9 0.1875 0.0006845325943539207
0.9 0.22499999999999998 -0.0008424535623774994
0.9 0.2625 0.0010124062711416746
0.9 0.3 -0.0011968974169962042
0.9 0.33749999999999997 0.0013986972088253149
0.9 0.375 -0.0016209043238614475
0.9 0.4125 0.0018670266415167181
0.9 0.44999999999999996 -0.002141083753192585
0.9 0.4875 0.0024477396952484417
0.9 0.525 -0.0027924779073593337
0.9 0.5625 0.0031818356104777994
0.9 0.6 -0.003623722438330551
0.9 0.6375 0.004127859498234194
0.9 0.6749999999999999 -0.00470639205110431
0.9 0.7125 0.005374754832596741
0.9 0.75 -0.006152908801008025
0.9 0.7875 0.007067130265350106
0.9 0.825 -0.008152632239222631
0.9 0.8624999999999999 0.00945745819039846
0.9 0.8999999999999999 -0.011048353641045172
0.9 0.9375 0.013019769609297351
0.9 0.975 -0.015507927289704307
0.9 1.0125 0.018713243737266537
0.9 1.05 -0.022936890276383407
0.9 1.0875 0.02864178782395464
0.9 1.125 -0.03655671144752519
0.9 1.1624999999999999 0.047857404214829535
0.9 1.2 -0.06448444583735352
0.9 1.2375 0.08969085750772748
0.9 1.275 -0.12889103829754683
0.9 1.3125 0.19033945905007565
0.9 1.3499999999999999 -0.2804975781065525
0.9 1.3875 0.3478230233452148
0.9 1.425 0.27513169725395803
0.9 1.4625 -8.63635387002029
0.9 1.5 100.0
0.925 0.0 0.0
0.925 0.0375 -9.782519005522455e-05
0.925 0.075 0.00019703195231933108
0.925 0.11249999999999999 -0.00029902405191990864
0.925 0.15 0.00040525038358704934
0.925 0.1875 -0.0005172293212274002
0.925 0.22499999999999998 0.0006365753786538069
0.925 0.2625 -0.0007650292569057211
0.925 0.3 0.0009044926631453777
0.925 0.33749999999999997 -0.0010570697410968186
0.925 0.375 0.0012251176126303264
0.925 0.4125 -0.00141130948235804
0.925 0.44999999999999996 0.001618715132648307
0.925 0.4875 -0.0018509056302889381
0.925 0.525 0.0021120919716157323
0.925 0.5625 -0.002407311656789127
0.925 0.6 0.002742683494274201
0.925 0.6375 -0.0031257603702059414
0.925 0.6749999999999999 0.0035660239873354
0.925 0.7125 -0.004075587461280994
0.925 0.75 0.004670205749915731
0.925 0.7875 -0.005370747946121179
0.925 0.825 0.006205372910139774
0.925 0.8624999999999999 -0.007212794357906935
0.925 0.8999999999999999 0.008447266674666899
0.925 0.9375 -0.009986349439579994
0.925 0.975 0.011943273087036865
0.925 1.0125 -0.014487140592573023
0.925 1.05 0.01787689716304129
0.925 1.0875 -0.022520330140166547
0.925 1.125 0.029080266939745174
0.925 1.1624999999999999 -0.03867318465047041
0.925 1.2 0.05325538119445052
0.925 1.2375 -0.0764012986589735
0.925 1.275 0.11491986243617956
0.925 1.3125 -0.18236099838795378
0.925 1.3499999999999999 0.30839849755893767
0.925 1.3875 -0.5878287638212751
0.925 1.425 1.658730741892274
0.925 1.4625 -10.139134555190589
0.925 1.5 100.0
0.9500000000000001 0.0 0.0
0.9500000000000001 0.0375 6.556023029356966e-05
0.9500000000000001 0.075 -0.00013204706801932064
0.9500000000000001 0.11249999999999999 0.00020040209317890586
0.9500000000000001 0.15 -0.0002715973409058493
0.9500000000000001 0.1875 0.0003466517585099436
0.9500000000000001 0.22499999999999998 -0.0004266492563543023
0.9500000000000001 0.2625 0.0005127590972161439
0.9500000000000001 0.3 -0.0006062595855434135
0.9500000000000001 0.33749999999999997 0.0007085663369724147
0.9500000000000001 0.375 -0.0008212668715206041
0.9500000000000001 0.4125 0.0009461639434320344
0.9500000000000001 0.44999999999999996 -0.0010853309897387684
0.9500000000000001 0.4875 0.0012411844875894905
0.9500000000000001 0.525 -0.0014165800680677552
0.9500000000000001 0.5625 0.0016149422640924739
0.9500000000000001 0.6 -0.0018404422724671605
0.9500000000000001 0.6375 0.0020982448741526296
0.9500000000000001 0.6749999999999999 -0.0023948559487172354
0.9500000000000001 0.7125 0.0027386179119957676
0.9500000000000001 0.75 -0.0031404253690836756
0.9500000000000001 0.7875 0.0036147732490002514
0.9500000000000001 0.825 -0.004181315108240973
0.9500000000000001 0.8624999999999999 0.0048672189937212455
0.9500000000000001 0.8999999999999999 -0.0057107972539164895
0.9500000000000001 0.9375 0.0067672221795193705
0.9500000000000001 0.975 -0.008117754917669369
0.9500000000000001 1.0125 0.00988508672434136
0.9500000000000001 1.05 -0.012259714509463992
0.9500000000000001 1.0875 0.015547092955481562
0.9500000000000001 1.125 -0.02025583089361295
0.9500000000000001 1.1624999999999999 0.027271507806595024
0.9500000000000001 1.2 -0.038220218346359865
0.9500000000000001 1.2375 0.056279452543871906
0.9500000000000001 1.275 -0.08809421003851521
0.9500000000000001 1.3125 0.14833970961611523
0.9500000000000001 1.3499999999999999 -0.26812485384925205
0.9500000000000001 1.3875 0.4760692990405746
0.9500000000000001 1.425 -0.29948125426416455
0.9500000000000001 1.4625 -7.254471078052799
0.9500000000000001 1.5 100.0
0.9750000000000001 0.0 0.0
0.9750000000000001 0.0375 -3.288344602440062e-05
0.9750000000000001 0.075 6.62318730189464e-05
0.9750000000000001 0.11249999999999999 -0.00010051780235624473
0.9750000000000001 0.15 0.00013622909534482223
0.9750000000000001 0.1875 -0.0001738772500951964
0.9750000000000001 0.22499999999999998 0.0002140065115884876
0.9750000000000001 0.2625 -0.00025720417578349564
0.9750000000000001 0.3 0.0003041125801827929
0.9750000000000001 0.33749999999999997 -0.00035544343757844173
0.9750000000000001 0.375 0.00041199540841893915
0.9750000000000001 0.4125 -0.00047467615276547176
0.9750000000000001 0.44999999999999996 0.000544530603488965
0.9750000000000001 0.4875 -0.0006227779308320697
0.9750000000000001 0.525 0.0007108607348762708
0.9750000000000001 0.5625 -0.0008105115759257278
0.9750000000000001 0.6 0.0009238442967594483
0.9750000000000001 0.6375 -0.001053481122276627
0.9750000000000001 0.6749999999999999 0.0012027319143259952
0.9750000000000001 0.7125 -0.0013758503209387368
0.9750000000000001 0.75 0.001578404756781507
0.9750000000000001 0.7875 -0.0018178234076310297
0.9750000000000001 0.825 0.0021042074760148346
0.9750000000000001 0.8624999999999999 -0.0024515660904090002
0.9750000000000001 0.8999999999999999 0.002879729277759754
0.9750000000000001 0.9375 -0.003417380300610955
0.9750000000000001 0.975 0.004106992684433333
0.9750000000000001 1.0125 -0.0050131235011215995
0.9750000000000001 1.05 0.006236864866519361
0.9750000000000001 1.0875 -0.007942140414321786
0.9750000000000001 1.125 0.010406088612153431
0.9750000000000001 1.1624999999999999 -0.014121815995583258
0.9750000000000001 1.2 0.020024822741981484
0.9750000000000001 1.2375 -0.03004404050179621
0.9750000000000001 1.275 0.04863267225585477
0.9750000000000001 1.3125 -0.08785635654043078
0.9750000000000001 1.3499999999999999 0.18866929859234885
0.9750000000000001 1.3875 -0.5352131631263375
0.9750000000000001 1.425 2.2190603388703196
0.9750000000000001 1.4625 -13.214846217424386
0.9750000000000001 1.5 100.0
1.0 0.0 0.0
1.0 0.0375 0.0
1.0 0.075 0.0
1.0 0.11249999999999999 0.0
1.0 0.15 0.0
1.0 0.1875 0.0
1.0 0.22499999999999998 0.0
1.0 0.2625 0.0
1.0 0.3 0.0
1.0 0.33749999999999997 0.0
1.0 0.375 0.0
1.0 0.4125 0.0
1.0 0.44999999999999996 0.0
1.0 0.4875 0.0
1.0 0.525 0.0
1.0 0.5625 0.0
1.0 0.6 0.0
1.0 0.6375 0.0
1.0 0.6749999999999999 0.0
1.0 0.7125 0.0
1.0 0.75 0.0
1.0 0.7875 0.0
1.0 0.825 0.0
1.0 0.8624999999999999 0.0
1.0 0.8999999999999999 0.0
1.0 0.9375 0.0
1.0 0.975 0.0
1.0 1.0125 0.0
1.0 1.05 0.0
1.0 1.0875 0.0
1.0 1.125 0.0
1.0 1.1624999999999999 0.0
1.0 1.2 0.0
1.0 1.2375 0.0
1.0 1.275 0.0
1.0 1.3125 0.0
1.0 1.3499999999999999 0.0
1.0 1.3875 0.0
1.0 1.425 0.0
1.0 1.4625 0.0
1.0 1.5 100.0
